0.000000000000161
0.000000000000161
0.000000000000081
-0.000000000000017
-0.000000000000012
0.000000000000040
0.000000000000041
0.000000000000080
0.000000000000051
-0.000000000000022
-0.000000000000040
-0.000000000000032
0.000000000000009
0.000000000000040
0.000000000000001
-0.000000000000000
-0.000000000000000
-0.000000000000000
0.000000000000000
-0.000000000000001
-0.000000000000020
-0.000000000000020
-0.000000000000020
0.000000000000025
0.000000000000034
-0.000000000000024
-0.000000000000030
-0.000000000000030
-0.000000000000012
-0.000000000000010
-0.000000000000010
-0.000000000000010
-0.000000000000009
-0.000000000000000
-0.000000000000032
0.000000000000015
0.000000000000022
0.000000000000020
0.000000000000018
0.000000000000010
0.000000000000010
0.000000000000010
0.000000000000025
-0.000000000000002
-0.000000000000005
0.000000000000038
0.031142457755827
2.166290789523650
4.983854747580622
5.042932756674340
5.042932756674341
5.042932756674341
5.042932756674398
5.042932756674388
5.042932756674384
5.042932756674384
5.042932756674301
5.042932756674473
5.042932756674382
5.042932756674368
5.042932756674323
5.042932756674293
5.042932756674308
5.042932756674213
4.265627992033735
1.362101844107789
0.000000000000010
0.000000000000010
-0.000000000000021
-0.000000000000035
-0.000000000000020
-0.000000000000020
-0.000000000000020
-0.000000000000020
-0.000000000000022
-0.000000000000040
0.000000000000022
0.000000000000023
-0.000000000000000
-0.000000000000000
-0.000000000000006
-0.625668262955125
-2.705514165199378
-4.103841597378986
-4.103841597378988
-4.103841597378958
-4.103841597378882
-4.103841597378871
-4.103841597378867
-4.103841597378944
-4.103841597378808
-4.103841597378881
-4.103841597378829
-4.103841597378882
-4.103841597378846
-4.103841597379005
-4.103841597378985
-3.875561828331064
-1.426440302445485
0.000000000000000
0.000000000000000
0.000000000000000
0.000000000000000
-0.225023328291526
-1.142735623617882
-1.711089931961220
-1.711089931961502
-1.711089931961502
-1.711089931961514
-1.711089931961610
-1.711089931961619
-1.711089931961619
-1.711089931961616
-1.711089931961523
-1.711089931961507
-1.711089931961289
-1.711089931961289
-1.711089931961289
-1.711089931961143
-1.711089931961468
-1.711089931961474
-1.711089931961521
-1.711089931961604
-1.711089931961608
-1.711089931961545
-1.711089931961401
-1.711089931961386
-1.711089931961386
-1.711089931961224
-1.223176024706694
-0.195980762593441
-0.000000000000114
-0.000000000000044
0.000000000000000
0.000000000000061
0.000000000000057
0.000000000000000
-0.000000000000049
-0.000000000000114
-0.000000000000073
0.000000000000000
-0.134020297360708
-0.936752852688996
-1.351233446538060
-1.362910675300395
-1.367112306382144
-1.368509904432734
-1.377556169071198
-1.385592635959863
-1.393770656835791
-1.402094422099306
-1.410568297431753
-1.419196833300253
-1.427984775101492
-1.436937073985050
-1.446058898414441
-1.455355646522434
-1.464832959330468
-1.474496734894571
-1.484353143464429
-1.494408643728565
-1.504670003858970
-1.515144321501462
-1.525839034511837
-1.536761947716966
-1.547921256447996
-1.559325571771556
-1.570983947701954
-1.582905910580642
-1.595101503190774
-1.607581322633707
-1.620356524972987
-1.633438883767679
-1.646840834548803
-1.660575526504401
-1.674656923133837
-1.689099784872253
-1.703919741679048
-1.719133375322144
-1.734758353417553
-1.750813481096196
-1.767318708919298
-1.783134971200773
-1.785447088954416
-0.766858463366948
-0.509534965290451
-0.234640104440125
0.000000000000031
0.000000000000012
-0.000000000000040
-0.000000000000015
0.000000000000027
0.000000000000030
0.000000000000021
0.000000000000020
0.000000000000020
0.000000000000030
0.000000000000040
0.000000000000080
0.000000000000067
0.000000000000047
0.000000000000015
-0.000000000000034
-0.000000000000040
-0.000000000000040
-0.000000000000037
0.000000000000032
-0.000000000000066
-0.000000000000100
1.171573133098745
4.396356220349409
5.041288386438080
5.041288386437990
5.041288386437968
5.041288386438030
5.041288386438030
5.041288386438135
5.041288386438050
5.041288386437961
5.041288386438077
5.041288386438077
5.041288386438001
4.293928235985356
1.202261223635976
0.000000000000084
0.000000000000000
0.000000000000000
0.000000000000000
0.000000000000026
0.000000000000114
0.000000000000114
0.000000000000114
0.000000000000114
0.000000000000102
0.000000000000000
0.000000000000015
0.000000000000227
0.000000000000219
0.000000000000000
0.017788116242388
1.866463266316448
3.523845422869491
3.523845422869491
3.523845422869626
3.523845422869628
3.523845422869628
3.523845422869365
3.523845422869335
3.523845422869592
3.523845422869651
3.523845422869597
3.523845422869520
2.813521346669765
0.832309282012246
-1.869285396782926
-4.697762147243731
-5.042932756674242
-5.042932756674291
-5.042932756674287
-5.042932756674289
-5.042932756674283
-5.042932756674325
-5.042932756674326
-5.042932756674327
-5.042932756674405
-5.042932756674409
-5.042932756674374
-5.042932756674290
-5.042932756674269
-5.042932756674223
-5.042932756674360
-4.855392909559130
-2.007992937215118
0.000000000000000
0.000000000000000
0.003733198376164
2.439548825742465
5.030229714881747
5.042932756674463
5.042932756674380
5.042932756674377
5.042932756674376
5.042932756674356
5.042932756674368
5.042932756674406
5.042932756674412
5.042932756674412
5.042932756674202
5.042932756674386
5.042932756674254
5.042932756674251
5.042932756674266
5.042932756673961
4.246096884668300
1.195038823221392
0.000000000000000
0.000000000000000
0.000000000000000
0.000000000000000
0.000000000000000
0.000000000000000
0.000000000000000
0.000000000000000
0.000000000000000
0.000000000000000
0.000000000000000
0.000000000000000
0.000000000000000
0.000000000000000
0.000000000000000
0.000000000000000
0.000000000000000
0.000000000000000
0.000000000000000
0.000000000000000
0.000000000000000
0.000000000000000
2.141449223483002
5.249157873244140
5.443129684825728
5.443129684826070
5.443129684826105
5.443129684826170
5.443129684826209
5.443129684826200
2.038795878450251
-4.551146248149839
-5.442756825597483
-5.443129684826176
-5.443129684826188
-5.443129684826188
-5.443129684826228
-5.443129684826249
-4.163562643984640
-0.782968170066564
0.000000000000114
0.000000000000114
0.000000000000114
0.000000000000114
0.000000000000114
0.000000000000114
0.000000000000114
0.000000000000114
0.264961386718188
1.088266231231635
1.325253842808554
1.325253842808802
1.325253842808809
1.325253842808828
1.325253842808689
1.325253842808519
1.325253842808453
1.325253842808378
1.325253842808420
1.325253842808471
1.325253842808328
1.325253842808146
1.325253842808201
1.325253842808276
1.325253842808509
1.325253842808549
1.325253842808251
1.325253842808462
1.325253842808462
1.325253842808563
1.325253842808500
1.325253842808275
1.325253842808430
1.325253842808298
1.325253842808436
1.325253842808340
1.325253842808602
1.325253842808462
1.325253842808683
1.325253842808546
1.325253842808472
1.187049966172436
0.376711564633770
0.000000000000227
0.000000000000166
0.000000000000000
0.000000000000000
0.000000000000000
0.000000000000056
0.000000000000227
0.000000000000227
0.000000000000227
0.000000000000177
0.000000000000000
0.000000000000000
0.000000000000000
0.000000000000000
0.000000000000000
0.000000000000000
0.000000000000000
0.000000000000000
0.000000000000000
0.000000000000000
0.000000000000000
0.000000000000035
0.000000000000227
0.000000000000195
0.000000000000000
0.047128996288402
0.641417750937459
1.015567195050044
1.015567195050260
1.015567195050631
1.015567195050133
1.015567195050066
1.015567195050108
1.015567195050528
1.015567195050513
1.015567195050343
1.015567195050357
1.015567195050543
1.015567195050536
1.015567195050355
1.015567195050232
1.015567195050243
1.015567195050468
1.015567195050467
1.015567195050446
1.015567195050447
1.015567195050531
1.015567195050650
1.015567195050524
1.015567195050753
1.015567195050567
1.015567195050842
1.015567195050624
1.015567195050836
1.015567195050609
1.015567195050352
1.015567195050352
1.015567195050425
1.015567195050508
1.015567195050508
1.015567195050508
1.015567195050491
1.015567195050491
1.015567195049838
1.015567195051057
1.015567195050170
1.015567195050216
1.015567195050216
1.015567195050216
0.527942291291118
0.003432482673495
0.000000000000229
0.000000000000227
0.000000000000227
0.000000000000227
0.000000000000227
0.000000000000227
0.000000000000227
0.000000000000227
0.000000000000227
0.000000000000029
0.000000000000000
0.000000000000000
0.000000000000000
0.000000000000000
0.000000000000000
0.000000000000000
0.000000000000000
0.000000000000000
0.000000000000000
0.000000000000000
0.000000000000000
0.000000000000000
0.000000000000000
0.000000000000130
0.000000000000103
0.000000000000000
0.000000000000000
0.000000000000000
0.000000000000000
0.000000000000000
0.000000000000000
0.000000000000000
0.000000000000000
-0.000000000000000
-0.000000000000000
0.508415047080959
3.544955222482766
5.041288386437990
5.041288386438176
5.041288386438217
5.041288386438122
5.041288386438102
5.041288386438056
5.041288386438056
5.041288386438070
5.041288386438151
5.041288386438142
5.041288386438039
4.851499982785521
1.915329167490839
-0.004813934170535
