-0.785398163397443
-0.785398163397446
-0.785398163397446
-0.785398163397446
-0.785398163397449
-0.785398163397447
-0.785398163397449
-0.785398163397450
-0.785398163397450
-0.785398163397447
-0.785398163397447
-0.785398163397449
-0.785398163397449
-0.785398163397449
-0.785398163397449
-0.785398163397449
-0.785398163397449
-0.785398163397449
-0.785398163397448
-0.785398163397448
-0.785398163397446
-0.785398163397450
-0.785398163397438
-0.785398163397421
-0.785398163397421
-0.785398163397373
-0.785398163398133
-0.785398163394429
-0.785398163407420
-0.785398163371073
-0.785398163363450
-0.785398163363450
-0.785398163097086
-0.785398165344238
-0.785398155751865
-0.785398186517648
-0.785398240428051
-0.785398240428051
-0.785398268294407
-0.785396804710911
-0.785404745372906
-0.785374619266354
-0.785467424540349
-0.785230365951278
-0.785227057350667
-0.785227057350667
-0.783950647276890
-0.764219799740693
-0.627175825599288
-0.439711494399859
-0.261841321136844
-0.082882844720144
0.096268918904869
0.275226438053792
0.454273615924172
0.633288342843870
0.812311714554194
0.991340036177945
1.170338037521257
1.349448199944025
1.528183840777808
1.708056055863391
1.884920312774011
2.067831377031606
2.248106421900241
2.352673295495108
2.353812142247058
2.356331155164396
2.356331155164396
2.356331155164396
2.356263855210290
2.356182671212594
2.356194315181858
2.356182920551614
2.356194315181858
2.356182920551614
2.356158435580546
2.356158435580546
2.356158435580546
2.356816128095454
2.359384368969505
2.359384368969505
2.299785151245866
2.162632597785574
2.010018962949419
1.866739221151894
1.719665317269792
1.573912896063538
1.427739411374367
1.281692826711071
1.135606388295362
0.989544208642854
0.843431220001642
0.697467848026113
0.551090035997672
0.405663830145032
0.259044386374607
0.107954621513297
0.008388146186673
0.002052685280307
-0.000940864652289
0.000754140294735
0.000754140294735
0.000754140294735
-0.022303685280771
-0.079693254938570
-0.143529961554877
-0.203496123187361
-0.265052722400836
-0.326043050254307
-0.387219803440279
-0.448338244047326
-0.509474258550092
-0.570605133754049
-0.631737478184034
-0.692869414716823
-0.754001467648312
-0.815133482843388
-0.876265533213503
-0.937397470313319
-0.998529800580194
-1.059660728919243
-1.120796515413103
-1.181915844487793
-1.243089247401064
-1.304091683239623
-1.365606276606347
-1.425711300087579
-1.489116649974328
-1.547725545858357
-1.571284764910451
-1.571284764910451
-1.570980797948568
-1.570722463401533
-1.570831946801837
-1.570754862493456
-1.570831946801837
-1.570754862493456
-1.570896883852283
-1.570522853147093
-1.571485079709557
-1.571996593420678
-1.583008770088256
-1.632474800510176
-1.772762660406310
-1.860749208160089
-1.889276432324842
-1.946345256519601
-1.992917747210105
-2.043507853586034
-2.093175053161797
-2.143525535663565
-2.194064417136090
-2.244949679108547
-2.296141658837987
-2.347659645340265
-2.399505954856082
-2.451688037197762
-2.504212153629732
-2.557085174012728
-2.610314096761058
-2.663906148115193
-2.717868768371739
-2.772209694488613
-2.826936949668413
-2.882058850094564
-2.937584027100930
-2.993521439389736
-3.049880420168397
-3.106670492922462
-3.163901471136043
-3.221583727568146
-3.279728146998437
-3.338345952150959
-3.397449392686550
-3.457048343905211
-3.517162606538995
-3.577779184215125
-3.639010508964047
-3.700475602561151
-3.763916197991091
-3.821768489487100
-3.903301960930249
-3.903301960930249
-3.904188574941343
-3.904188574941343
-3.926853985264823
-3.926853985264823
-3.927108562791689
-3.926946848980447
-3.927005570479893
-3.926986225644341
-3.926992166054091
-3.926990438370593
-3.926990919288784
-3.926990790756096
-3.926990820803860
-3.926990820803860
-3.926990820803860
-3.926990828291982
-3.926990763034004
-3.926991042161974
-3.926989896634971
-3.926994492832560
-3.926976604629756
-3.927043330594072
-3.926808754716037
-3.927568065359423
-3.926183560757281
-3.926183560757281
-3.826549488127476
-3.644544115485413
-3.462705953645341
-3.285361828751888
-3.105671531952078
-2.926869368980162
-2.747799068797727
-2.568719091796932
-2.389944523608830
-2.210164801628570
-2.033090062289546
-1.850540563330265
-1.669968846863910
-1.571077854325466
-1.571077854325466
-1.570004808162029
-1.571078477694250
-1.570702142614188
-1.570826425152401
-1.570787111906906
-1.570798735088791
-1.570796685057861
-1.570796685057861
-1.570796685057861
-1.570793475121299
-1.570790681596682
-1.570790681596682
-1.570790681596682
-1.570961780998244
-1.569753157458120
-1.548902021988676
-1.443486259943017
-1.311815316241684
-1.187881431985915
-1.061980768524684
-0.936487899622624
-0.810966230534243
-0.685335099118373
-0.560058870757661
-0.433717508972647
-0.310303390975490
-0.180202771588442
-0.058678785144082
-0.005546716756715
-0.005546716756715
-0.123635406096126
-0.307693665249020
-0.488295166472142
-0.666086050532391
-0.845644602802927
-1.024475896745447
-1.203559135295613
-1.382564239556815
-1.561590604921638
-1.740615562595234
-1.919625435276739
-2.098690589655329
-2.277585950985338
-2.456935148301413
-2.635337952222527
-2.814461279578254
-3.000610060956263
-3.128570550936497
-3.137525911772610
-3.148243344923553
-3.137525911772610
-3.116720321986285
-2.973421839129083
-2.785730621802764
-2.608455361315723
-2.429197028376114
-2.250159335749645
-2.071164017377639
-1.892128219140170
-1.713110352795783
-1.534087729061329
-1.355059525218316
-1.176060546831029
-0.996953581257517
-0.818209168050895
-0.638357552690753
-0.461456115300340
-0.278577622054961
-0.098370168391752
-0.000230990328800
-0.000230990328800
0.000812507307160
-0.000289552447843
0.000096532840030
-0.000030816146564
0.000009536763274
-0.000002882067376
0.000000854609145
-0.000000250492950
0.000000078097006
-0.000000049270540
0.000000078097006
-0.000000049270540
0.000000126660576
-0.000000481945932
0.000001832574417
-0.000006748345552
0.000024048534312
-0.000082804669813
0.000274046980279
-0.000862117378332
0.002518708057868
0.012819424104353
0.149669280127986
0.350288352374685
0.543578672707437
0.735377301027187
0.930953415379224
1.117439573984033
1.326015583822350
1.446562547443598
1.446562547443598
1.243230610078928
1.046884307029432
0.856560400497078
0.661473109930073
0.471553965915311
0.272436773946462
0.083471131220967
-0.002111450211145
-0.002111450211145
-0.000615934600047
0.000208561360005
-0.000012033119610
-0.000012033119610
-0.000012033119610
-0.000159906789297
-0.000448580749160
-0.000448580749160
0.023710659959440
0.071035180109188
0.119513088491754
0.166283075302302
0.213885516214749
0.261164953548397
0.308557464069692
0.355912672322070
0.403279715764414
0.450643107189850
0.498007602066127
0.545371769027505
0.592736032119474
0.640100267347705
0.687464510567850
0.734828751521525
0.782192993075649
0.829557234589456
0.876921475646009
0.924285718464595
0.971649955067866
1.019014213196443
1.066378397524522
1.113742831759680
1.161106431920226
1.208472766067426
1.255830343448671
1.303215107503011
1.350519165356350
1.398046404424952
1.445032542315556
1.492951730844980
1.541413697406897
1.569963329612052
1.570233109201169
1.571014487475333
1.570719893762022
1.570821611515334
1.570788268067308
1.570798829017060
1.570795564763109
1.570796555420585
1.570796259025056
1.570796346646763
1.570796321174195
1.570796327869990
1.570796327869990
1.570796327869990
1.570796328350296
1.570796320094793
1.570796349464435
1.570796252357353
1.570796566903985
1.570795568839966
1.570798649915746
1.570789506353414
1.570815018226530
1.570835583092484
1.570835583092484
1.570835583092484
1.580817770140601
1.614036362017627
1.651944722681797
1.687613140560400
1.724139976734667
1.760369241958525
1.796695845500873
1.832991798441613
1.869297144718075
1.905599670437691
1.941903029619654
1.978206145703808
2.014509331929274
2.050812498104994
2.087115669968133
2.123418840231668
2.159722010944786
2.196025181535048
2.232328352161695
2.268631522780886
2.304934693404920
2.341237864030639
2.377541034659117
2.413844205290293
2.450147375924426
2.486450546561597
2.522753717202746
2.559056887844023
2.595360058505390
2.631663229097698
2.667966400006381
2.704269569628029
2.740572744464574
2.776875898716601
2.813179132901469
2.849482061753340
2.885786139647550
2.922085956454020
2.958401342072902
2.994660727207803
3.031118115139434
3.066889080097659
3.104984142875293
3.135443221104178
3.141283755384900
3.141648646771499
3.141586510412386
3.141591462425413
3.141591462425413
3.141592058168442
3.141592895466437
3.141592564175479
3.141592684826869
3.141592643085030
3.141592657026027
3.141592652489310
3.141592653936338
3.141592653482219
3.141592653622597
3.141592653580620
3.141592653589735
3.141592653589735
3.141592653589735
3.141592653599720
3.141592653552211
3.141592653721325
3.141592653134506
3.141592655155965
3.141592648237256
3.141592671747529
3.141592592519420
3.141592856915010
3.141591984876533
3.141594819937319
3.141585769250341
3.141613980722165
3.141528892189635
3.141773349691907
3.141124830765577
3.140512260441797
3.140512260441797
3.206098755701085
3.376522191537885
3.562336104935044
3.738445464740074
3.918492232075627
4.097194910804308
4.276302059933195
4.455329624722577
4.634265266778451
4.813533917357598
4.992074571491049
5.171121667500171
5.356687098227884
5.486930745604523
5.486930745604523
