0.000000000000000
0.035756659377861
0.071513318755723
0.107269978133584
0.143026637511446
0.178783296889307
0.214539956267168
0.250296615645030
0.286053275022891
0.321809934400752
0.357566593778614
0.393323253156475
0.429079912534337
0.464836571912198
0.500593231290059
0.536349890667921
0.572106550045782
0.607863209423643
0.643619868801505
0.679376528179366
0.715133187557228
0.750889846935089
0.786646506312950
0.822403165690812
0.858159825068673
0.893916484446534
0.929673143824396
0.965429803202257
1.001186462580119
1.036943121957980
1.072699781335841
1.108456440713703
1.144213100091564
1.179969759469425
1.215726418847287
1.251483078225148
1.287239737603010
1.322996396980871
1.358753056358732
1.394509715736594
1.430266375114455
1.466023034492317
1.501779693870178
1.537536353248039
1.573293012625901
1.609049672003762
1.644806331381623
1.680562990759485
1.716319650137346
1.752076309515208
1.787832968893069
1.823589628270930
1.859346287648792
1.895102947026653
1.930859606404514
1.966616265782376
2.002372925160237
2.038129584538098
2.073886243915960
2.109642903293821
2.145399562671682
2.181156222049544
2.216912881427406
2.252669540805267
2.288426200183128
2.324182859560989
2.359939518938851
2.395696178316712
2.431452837694574
2.467209497072435
2.502966156450297
2.538722815828158
2.574479475206019
2.610236134583880
2.645992793961742
2.681749453339604
2.717506112717465
2.753262772095326
2.789019431473188
2.824776090851049
2.860532750228910
2.896289409606772
2.932046068984633
2.967802728362495
3.003559387740356
3.039316047118217
3.075072706496079
3.110829365873940
3.146586025251801
3.182342684629663
3.218099344007524
3.253856003385386
3.289612662763247
3.325369322141108
3.361125981518970
3.396882640896831
3.432639300274693
3.468395959652554
3.504152619030415
3.539909278408277
3.575665937786138
3.611422597163999
3.647179256541861
3.682935915919722
3.718692575297584
3.754449234675445
3.790205894053306
3.825962553431167
3.861719212809029
3.897475872186890
3.933232531564751
3.968989190942613
4.004745850320474
4.040502509698336
4.076259169076197
4.112015828454059
4.147772487831920
4.183529147209781
4.219285806587642
4.255042465965504
4.290799125343365
4.326555784721227
4.362312444099088
4.398069103476949
4.433825762854811
4.469582422232672
4.505339081610534
4.541095740988395
4.576852400366256
4.612609059744118
4.648365719121979
4.684122378499841
4.719879037877702
4.755635697255563
4.791392356633424
4.827149016011286
4.862905675389148
4.898662334767009
4.934418994144870
4.970175653522731
5.005932312900593
5.041688972278454
5.077445631656316
5.113202291034177
5.148958950412038
5.184715609789900
5.220472269167761
5.256228928545623
5.291985587923484
5.327742247301345
5.363498906679207
5.399255566057068
5.435012225434930
5.470768884812791
5.506525544190652
5.542282203568513
5.578038862946375
5.613795522324237
5.649552181702098
5.685308841079959
5.721065500457820
5.756822159835682
5.792578819213543
5.828335478591405
5.864092137969267
5.899848797347127
5.935605456724989
5.971362116102850
6.007118775480712
6.042875434858573
6.078632094236434
6.114388753614296
6.150145412992157
6.185902072370019
6.221658731747880
6.257415391125742
6.293172050503602
6.328928709881464
6.364685369259326
6.400442028637187
6.436198688015049
6.471955347392909
6.507712006770771
6.543468666148632
6.579225325526494
6.614981984904356
6.650738644282217
6.686495303660078
6.722251963037939
6.758008622415801
6.793765281793662
6.829521941171524
6.865278600549385
6.901035259927246
6.936791919305108
6.972548578682969
7.008305238060831
7.044061897438691
7.079818556816553
7.115575216194414
7.151331875572276
7.187088534950138
7.222845194327999
7.258601853705860
7.294358513083721
7.330115172461583
7.365871831839444
7.401628491217306
7.437385150595167
7.473141809973027
7.508898469350889
7.544655128728750
7.580411788106612
7.616168447484473
7.651925106862334
7.687681766240196
7.723438425618057
7.759195084995919
7.794951744373780
7.830708403751641
7.866465063129502
7.902221722507364
7.937978381885226
7.973735041263087
8.009491700640949
8.045248360018810
8.081005019396672
8.116761678774532
8.152518338152394
8.188274997530256
8.224031656908117
8.259788316285977
8.295544975663839
8.331301635041701
8.367058294419563
8.402814953797424
8.438571613175284
8.474328272553146
8.510084931931008
8.545841591308870
8.581598250686730
8.617354910064591
8.653111569442453
8.688868228820315
8.724624888198177
8.760381547576037
8.796138206953898
8.831894866331760
8.867651525709622
8.903408185087484
8.939164844465344
8.974921503843206
9.010678163221067
9.046434822598929
9.082191481976789
9.117948141354651
9.153704800732513
9.189461460110374
9.225218119488236
9.260974778866096
9.296731438243958
9.332488097621820
9.368244756999681
9.404001416377541
9.439758075755403
9.475514735133265
9.511271394511127
9.547028053888988
9.582784713266848
9.618541372644710
9.654298032022572
9.690054691400434
9.725811350778296
9.761568010156155
9.797324669534017
9.833081328911879
9.868837988289741
9.904594647667601
9.940351307045463
9.976107966423324
10.011864625801186
10.047621285179048
10.083377944556908
10.119134603934770
10.154891263312631
10.190647922690493
10.226404582068355
10.262161241446215
10.297917900824077
10.333674560201938
10.369431219579800
10.405187878957660
10.440944538335522
10.476701197713384
10.512457857091245
10.548214516469107
10.583971175846967
10.619727835224829
10.655484494602691
10.691241153980553
10.726997813358414
10.762754472736274
10.798511132114136
10.834267791491998
10.870024450869860
10.905781110247720
10.941537769625581
10.977294429003443
11.013051088381305
11.048807747759167
11.084564407137027
11.120321066514888
11.156077725892750
11.191834385270612
11.227591044648474
11.263347704026334
11.299104363404195
11.334861022782057
11.370617682159919
11.406374341537779
11.442131000915641
11.477887660293502
11.513644319671364
11.549400979049226
11.585157638427086
11.620914297804948
11.656670957182810
11.692427616560671
11.728184275938533
11.763940935316393
11.799697594694255
11.835454254072117
11.871210913449978
11.906967572827838
11.942724232205700
11.978480891583562
12.014237550961424
12.049994210339285
12.085750869717145
12.121507529095007
12.157264188472869
12.193020847850731
12.228777507228592
12.264534166606452
12.300290825984314
12.336047485362176
12.371804144740038
12.407560804117898
12.443317463495760
12.479074122873621
12.514830782251483
12.550587441629345
12.586344101007205
12.622100760385067
12.657857419762928
12.693614079140790
12.729370738518652
12.765127397896512
12.800884057274374
12.836640716652235
12.872397376030097
12.908154035407957
12.943910694785819
12.979667354163681
13.015424013541542
13.051180672919404
13.086937332297264
13.122693991675126
13.158450651052988
13.194207310430849
13.229963969808711
13.265720629186571
13.301477288564433
13.337233947942295
13.372990607320157
13.408747266698017
13.444503926075878
13.480260585453740
13.516017244831602
13.551773904209464
13.587530563587324
13.623287222965185
13.659043882343047
13.694800541720909
13.730557201098771
13.766313860476631
13.802070519854492
13.837827179232354
13.873583838610216
13.909340497988076
13.945097157365938
13.980853816743799
14.016610476121661
14.052367135499523
14.088123794877383
14.123880454255245
14.159637113633107
14.195393773010968
14.231150432388828
14.266907091766690
14.302663751144552
14.338420410522414
14.374177069900275
14.409933729278135
14.445690388655997
14.481447048033859
14.517203707411721
14.552960366789582
14.588717026167442
14.624473685545304
14.660230344923166
14.695987004301028
14.731743663678888
14.767500323056749
14.803256982434611
14.839013641812473
14.874770301190335
14.910526960568193
14.946283619946055
14.982040279323916
15.017796938701778
15.053553598079640
15.089310257457500
15.125066916835362
15.160823576213224
15.196580235591085
15.232336894968945
15.268093554346807
15.303850213724669
15.339606873102531
15.375363532480392
15.411120191858252
15.446876851236114
15.482633510613976
15.518390169991838
15.554146829369699
15.589903488747559
15.625660148125421
15.661416807503283
15.697173466881145
15.732930126259005
15.768686785636866
15.804443445014728
15.840200104392590
15.875956763770452
15.911713423148312
15.947470082526173
15.983226741904035
16.018983401281897
16.054740060659761
16.090496720037621
16.126253379415481
16.162010038793344
16.197766698171204
16.233523357549064
16.269280016926928
16.305036676304788
16.340793335682651
16.376549995060511
16.412306654438371
16.448063313816235
16.483819973194095
16.519576632571955
16.555333291949818
16.591089951327678
16.626846610705542
16.662603270083402
16.698359929461265
16.734116588839125
16.769873248216989
16.805629907594849
16.841386566972709
16.877143226350569
16.912899885728432
16.948656545106292
16.984413204484156
17.020169863862016
17.055926523239879
17.091683182617739
17.127439841995603
17.163196501373459
17.198953160751323
17.234709820129183
17.270466479507046
17.306223138884906
17.341979798262770
17.377736457640630
17.413493117018493
17.449249776396353
17.485006435774213
17.520763095152073
17.556519754529937
17.592276413907797
17.628033073285660
17.663789732663520
17.699546392041384
17.735303051419244
17.771059710797108
17.806816370174968
17.842573029552828
