-0.836665258676334 1.088822546201715
-0.811381482357671 1.063538769883051
-0.786097706039007 1.038254993564388
-0.760813929720344 1.012971217245725
-0.735530153401681 0.987687440927062
-0.710246377083017 0.962403664608398
-0.684962600764354 0.937119888289735
-0.659678824445690 0.911836111971072
-0.634395048127027 0.886552335652408
-0.609111271808364 0.861268559333745
-0.583827495489700 0.835984783015082
-0.558543719171037 0.810701006696418
-0.533259942852374 0.785417230377755
-0.507976166533710 0.760133454059091
-0.482692390215047 0.734849677740428
-0.457408613896384 0.709565901421765
-0.432124837577721 0.684282125103101
-0.406841061259057 0.658998348784438
-0.381557284940394 0.633714572465775
-0.356273508621731 0.608430796147111
-0.330989732303067 0.583147019828448
-0.305705955984404 0.557863243509785
-0.280422179665740 0.532579467191122
-0.255138403347078 0.507295690872458
-0.229854627028412 0.482011914553796
-0.204570850709754 0.456728138235128
-0.179287074391083 0.431444361916473
-0.154003298072416 0.406160585597813
-0.128719521753844 0.380876809279058
-0.103435745434718 0.355593032960858
-0.078151969117743 0.330309256640506
-0.052868192794148 0.305025480326774
-0.027584416486415 0.279741703997180
-0.002300640155456 0.254457927690813
0.022983136197278 0.229174151406220
0.048266912224506 0.203890374796120
0.073550689818542 0.178606599752835
0.098834461839745 0.153322819136691
0.124118249722319 0.128039054382022
0.149402003902016 0.102755255924113
0.174685790466640 0.077471489852559
0.199969710601459 0.052187857346497
0.225252622196242 0.026903216350443
0.250539806103384 0.001622848017142
0.275812930886149 -0.023671575096924
0.301122777448587 -0.048929255157293
0.326366255333204 -0.074253262274701
0.351623650677705 -0.099563407190038
0.378832715149077 -0.122762666718166
0.409654551648963 -0.140888672897071
0.443232208560275 -0.153180175025757
0.478458556986784 -0.159315567902778
0.514214413243779 -0.159074294524719
0.549356163302899 -0.152471525791165
0.582760397693370 -0.139716276527610
0.613359521253009 -0.121216739723777
0.640175432393958 -0.097564125966184
0.662351012591294 -0.069514475666529
0.679177414351593 -0.037964334800982
0.690117026165608 -0.003922239435489
0.694819052943024 0.031523913448371
0.693138248777433 0.067241070579502
0.685107848094990 0.102084280295496
0.671060945990983 0.134966333856068
0.651184358525636 0.164689279584621
0.627071446802658 0.191092034207899
0.601615461152107 0.216202458111524
0.576327927854970 0.241482466185739
0.551070317286486 0.266792384218192
0.525773338364373 0.292062950227425
0.500493218828539 0.317350383003075
0.475209205937324 0.342633922691258
0.449925064599784 0.367917334000697
0.424641467959085 0.393201289991844
0.399357714688403 0.418485089360503
0.374073962811043 0.443768890116508
0.348789437790563 0.469051917725045
0.323508618541792 0.494338650718251
0.298218422211066 0.519616005574265
0.272937693919160 0.544902828839142
0.247688122387563 0.570220766846718
0.222244280223450 0.595343450282257
0.197429898839287 0.621088064932106
0.175350211714670 0.649213243699721
0.157802589911752 0.680368000647664
0.144919978068537 0.713723333783151
0.137044669805107 0.748601947418246
0.134326250371577 0.784255126486028
0.136827246597162 0.819924211740640
0.144493272265522 0.854849429118122
0.157161287412820 0.888286834968852
0.174561434678295 0.919524209793894
0.196322988321161 0.947896265677639
0.221982840794000 0.972798285109736
0.250992971366702 0.993701666010805
0.282740144404678 1.010153268371627
0.316534709662820 1.021835158862695
0.351688923203865 1.028371216703144
0.387402316098385 1.030129084909478
0.423158728432161 1.029990175637618
0.458915381395705 1.029990351524126
0.494672036643631 1.030010779224823
0.530428681697822 1.029978894963977
0.566185248979089 1.030059677726373
0.601941094117531 1.029818387084266
0.637655052641188 1.028071345057105
0.673185018565193 1.024051426117729
0.708407275322982 1.017892560896320
0.743186005007601 1.009587230537760
0.777392824976930 0.999174151327319
0.810899434707151 0.986690330842054
0.843580807102440 0.972182863853486
0.875314802743122 0.955705843191094
0.905982876167195 0.937320850251921
0.935470449748150 0.917096565443406
0.963667359702938 0.895108546862865
0.990468263292905 0.871438940640105
1.015773033368147 0.846176175481776
1.039487132336142 0.819414632137538
1.061521965261479 0.791254290700207
1.081795211200505 0.761800357323101
1.100231128872591 0.731162869980083
1.116760848445359 0.699456292341435
1.131322589228762 0.666799066657186
1.143862061897120 0.633313243693832
1.154331950949923 0.599123770807177
1.162695044264826 0.564358881825260
1.168912529296346 0.529146933951299
1.172990723109205 0.493623596112772
1.174801036748134 0.457912797458725
1.175042418742240 0.422156954099142
1.174988011287559 0.386400334733468
1.175003366121814 0.350643679044469
1.174999062225198 0.314887019829577
1.175000253988802 0.279130360498142
1.174999952401911 0.243373701115156
1.174999932025796 0.207617041736965
1.175000309131613 0.171860382368718
1.174998880306897 0.136103722988693
1.175003971496520 0.100347064080855
1.174986024912453 0.064590408753518
1.175048834301345 0.028833805897169
1.174799929054466 -0.006921991043503
1.173717142923929 -0.042662201057904
1.169323572493519 -0.078147798714431
1.160015954671068 -0.112671824457725
1.149559937139813 -0.146865591875655
1.137308617320604 -0.180457895441605
1.123453821587411 -0.213421266913660
1.107975362162010 -0.245654103960416
1.090913474870873 -0.277077514955866
1.072298458262109 -0.307606514529925
1.052168839813479 -0.337158792816896
1.030566789890594 -0.365652478400627
1.007539322567331 -0.393007083687345
0.983138025766906 -0.419143560002784
0.957419141570402 -0.443984608185887
0.930443546824964 -0.467454929151127
0.902276741522629 -0.489481498474574
0.872988818974228 -0.509993842778239
0.842654422716017 -0.528924322924823
0.811352688355218 -0.546208422547929
0.779167170435072 -0.561785043130444
0.746185751296464 -0.575596801268888
0.712500532638442 -0.587590329268105
0.678207709337474 -0.597716579240896
0.643407424375861 -0.605931129352197
0.608203604108305 -0.612194491381631
0.572703773102787 -0.616472418713673
0.537018847885359 -0.618736215122459
0.501262908430145 -0.618963049399776
0.465552945063991 -0.617136255891940
0.430008582746753 -0.613245630816886
0.394751781544024 -0.607287726591097
0.359906512223816 -0.599266139627923
0.325598403248883 -0.589191800539128
0.291954357346102 -0.577083257272294
0.259102157787721 -0.562966896739983
0.227170009684139 -0.546877256238046
0.196285992980621 -0.528857371407420
0.166579204569136 -0.508956491824246
0.138169096258875 -0.487244619993484
0.111185517041304 -0.463783526084516
0.085965509831355 -0.438436117238425
0.060041024467054 -0.413809700353720
0.033877929832349 -0.389436982275334
0.008384860834576 -0.364364218434343
-0.016881643792761 -0.339063192150254
-0.042171756109237 -0.313785750701962
-0.067453655573033 -0.288500098386217
-0.092737922205319 -0.263216812196199
-0.118021582829861 -0.237932920236044
-0.143305383692551 -0.212649168447423
-0.168589155485243 -0.187365387606552
-0.193872932457601 -0.162081611940573
-0.219156708733223 -0.136797835579140
-0.244440485036661 -0.111514059245180
-0.269724261366367 -0.086230282937565
-0.295008037668937 -0.060946506602859
-0.320291814048390 -0.035662730344783
-0.345575590120125 -0.010378953779952
-0.370859367354967 0.014904821625381
-0.396143140707975 0.040188600899041
-0.421426924399603 0.065472369884616
-0.446710695875750 0.090756150896599
-0.471994372043992 0.116040027923376
-0.497279040197561 0.141322910284084
-0.522557521569532 0.166611988198705
-0.547867522918296 0.191869482396983
-0.573035842574040 0.217268296475221
-0.599262878051112 0.241572062313442
-0.628868914410211 0.261622505290099
-0.661653284905975 0.275895878428876
-0.696442943254358 0.284155105442272
-0.732148111672255 0.286073887142170
-0.767624695275349 0.281607338532800
-0.801738728486878 0.270894170205573
-0.833400024649590 0.254277887753863
-0.861596010790644 0.232288666756194
-0.885428300139038 0.205632342058684
-0.904121059143103 0.175150847814545
-0.917139893349464 0.141848462976046
-0.923807151004326 0.106719028496318
-0.925163079105943 0.070987957489763
-0.924955769334544 0.035231960710097
-0.925011936822324 -0.000524674208503
-0.924996793558115 -0.036281325548358
-0.925000856808498 -0.072037986040181
-0.924999772261555 -0.107794645044787
-0.925000060279412 -0.143551304517721
-0.924999983786154 -0.179307963869730
-0.925000005565074 -0.215064623254333
-0.924999994021151 -0.250821282631036
-0.925000016743242 -0.286577942006746
-0.924999945479243 -0.322334601394297
-0.925000177088225 -0.358091260734402
-0.924999435980285 -0.393847920243049
-0.925001748588222 -0.429604579028239
-0.924994777409709 -0.465361239681411
-0.925014760318197 -0.501117886474172
-0.924961715202128 -0.536874536742863
-0.922517550932504 -0.572547480161653
-0.915592474936976 -0.607627221768406
-0.904327016826073 -0.641562832218689
-0.888904634905849 -0.673822557797772
-0.869562552689431 -0.703896174805562
-0.846607589730820 -0.731311656977904
-0.820400406252477 -0.755636997716116
-0.791353187040577 -0.776488817288069
-0.759925160182140 -0.793542173234439
-0.726604361631632 -0.806513885524254
-0.691934157653512 -0.815261070574001
-0.656418393916878 -0.819404761245213
-0.620668803811790 -0.820115578092615
-0.584913089878917 -0.819849253376615
-0.549208185927339 -0.821770974519219
-0.514277365369257 -0.829411403272386
-0.481328800022823 -0.843301478141964
-0.451355019399981 -0.862797875592772
-0.425340404015315 -0.887329083188418
-0.404107259944871 -0.916098726168208
-0.388337070502168 -0.948189854526639
-0.378533162558315 -0.982576226184596
-0.375009075316692 -1.018158806943923
-0.377877417025929 -1.053800241130890
-0.387046532847915 -1.088361296569770
-0.402223210620558 -1.120737331906071
-0.422922932841466 -1.149893132743797
-0.448481900210436 -1.174898703878457
-0.478090142007350 -1.194945909371718
-0.510781783028447 -1.209430326595720
-0.545556078515913 -1.217753813673323
-0.581234153297611 -1.220124262858850
-0.616990464664911 -1.219971144741302
-0.652747110748926 -1.220010598264067
-0.688503758152756 -1.219991927482512
-0.724260436934867 -1.219980604280888
-0.759882437621289 -1.223080476095040
-0.794397984689406 -1.232419540160275
-0.826686196683914 -1.247782161088773
-0.855729489387989 -1.268639445064645
-0.880591872339183 -1.294337718408781
-0.900481809582512 -1.324051849436461
-0.914762465224677 -1.356832974073983
-0.922977694657732 -1.391633106726950
-0.924864832993199 -1.427339940002721
-0.920363578809773 -1.462812153716695
-0.909617770749686 -1.496915919145594
-0.892971079752824 -1.528561250347597
-0.870954717215685 -1.556736039475194
-0.844275782978191 -1.580543066282216
-0.813775599937344 -1.599205223757141
-0.780462425651102 -1.612196615303839
-0.745324268070324 -1.618818004505946
-0.709593017589528 -1.620165649818532
-0.673836959510160 -1.619955369133630
-0.638080349297895 -1.620011933954088
-0.602323691965335 -1.619996833171740
-0.566567033120575 -1.620000833090790
-0.530810373676807 -1.619999782920230
-0.495053714321609 -1.620000055949602
-0.459297054938094 -1.619999985762523
-0.423540395561754 -1.620000003568308
-0.387783736183490 -1.619999999120717
-0.352027076805735 -1.620000000217346
-0.316270417427851 -1.619999999930111
-0.280513758049985 -1.620000000071093
-0.244757098672166 -1.619999999839138
-0.209000439294143 -1.620000000356856
-0.173243779916880 -1.619999999493655
-0.137487120536815 -1.619999999053619
-0.101730461167086 -1.620000013156025
-0.065973801759377 -1.619999918468807
-0.030217142495207 -1.620000412783986
0.005539517216914 -1.619998099422511
0.041296173681186 -1.620008274596436
0.077052813188076 -1.619965274652885
0.112809057826196 -1.620134204052130
0.148479592358691 -1.617652884314886
0.183115377453657 -1.608770684921733
0.215355831867367 -1.593307981629035
0.244047768263330 -1.571969989834582
0.268112692431030 -1.545523403849511
0.286628890199164 -1.514934465721432
0.299065075683472 -1.481409798630696
0.304283690818952 -1.446036300606087
0.306914381778207 -1.410376481433485
0.314905601991753 -1.375524551157425
0.329732629065534 -1.342986804041384
0.350457083597797 -1.313848620195254
0.376399253942193 -1.289240802198029
0.406587244602914 -1.270077786606020
0.439865860624572 -1.256998019842943
0.475083803446375 -1.250815232803662
0.510827635169531 -1.249857772989598
0.546583851042947 -1.250038816058519
0.582340472692904 -1.249989487427631
0.618097130534029 -1.250002859718550
0.653853789462743 -1.249999173173735
0.689610448881900 -1.250000420743460
0.725367108239807 -1.249999155669677
0.761123767348673 -1.250002934572024
0.796880424376636 -1.249989185539909
0.832637046658501 -1.250040014937356
0.868392426429323 -1.249737318840634
0.904110138294107 -1.248068877737755
0.939702912673596 -1.244649369546270
0.975096244090235 -1.239564997742326
1.010208311171088 -1.232806195966143
1.044961275963443 -1.224393696955744
1.079276874044466 -1.214344895528833
1.113078239677399 -1.202682718595231
1.146289525920099 -1.189433222274334
1.178836251228675 -1.174626151013248
1.210645411946700 -1.158294709505441
1.241645662506503 -1.140475530157124
1.271767470588017 -1.121208580079770
1.300943274491545 -1.100537074232912
1.329107634269640 -1.078507377782883
1.356197378620684 -1.055168902288825
1.382151746546866 -1.030573994829277
1.406912523647260 -1.004777820601770
1.430424172686864 -0.977838239186505
1.452633958167122 -0.949815674772927
1.473492064598947 -0.920772980623308
1.492951708275960 -0.890775298123468
1.510969242053430 -0.859889910576105
1.527504253849463 -0.828186092630117
1.542519654952147 -0.795734953713999
1.555981772204049 -0.762609282596918
1.567860389060480 -0.728883370486494
1.578128944734335 -0.694632889393092
1.586764095652248 -0.659934577504597
1.593747647078740 -0.624866519185145
1.599059538899130 -0.589506620098193
1.602704247905586 -0.553936199659644
1.604612777528798 -0.518230510443408
1.605041746056502 -0.482476425837273
1.604988847170941 -0.446719804688961
1.605002978821415 -0.410963148370785
1.604999204554809 -0.375206489125881
1.605000212358418 -0.339449829780157
1.604999943320727 -0.303693170398620
1.605000015124140 -0.267936511022070
1.604999995965341 -0.232179851643886
1.605000001076044 -0.196423192266113
1.604999999713092 -0.160666532888228
1.605000000076490 -0.124909873510373
1.604999999979569 -0.089153214132509
1.605000000005617 -0.053396554754650
1.604999999997866 -0.017639895376788
1.605000000002908 0.018116764001075
1.604999999990654 0.053873423378937
1.605000000033879 0.089630082756798
1.604999999876066 0.125386742134658
1.605000000453513 0.161143401512518
1.604999998341036 0.196900060890383
1.605000006066075 0.232656720268234
1.604999977828485 0.268413379646122
1.605000081001602 0.304170039023694
1.604999704201085 0.339926698400098
1.605001079685075 0.375683357749671
1.604996060972338 0.411440016782495
1.605014363739976 0.447196671447331
1.604940525588330 0.482953254516136
1.604037419474690 0.518698507593662
1.601793933489527 0.554384715264184
1.598268131872571 0.589967118721112
1.593450189622423 0.625397700285762
1.587350242072597 0.660630204207007
1.579975340474021 0.695618052285642
1.571335459660316 0.730315186870836
1.561441918726021 0.764675869866717
1.550307772229086 0.798654826151321
1.537947688087808 0.832207277750991
1.524377955238739 0.865289010455873
1.509616455257540 0.897856429860086
1.493682640558818 0.929866619448615
1.476597508314289 0.961277396970565
1.458383572896456 0.992047370076527
1.439064836181229 1.022135990850408
1.418666755925978 1.051503609246305
1.397216212220148 1.080111525337326
1.374741472063777 1.107922040313685
1.351272152117831 1.134898506161189
1.326839179676118 1.161005373955111
1.301474751910062 1.186208240705685
1.275212293440051 1.210473894693531
1.248086412289308 1.233770359235227
1.220132854278273 1.256066934821414
1.191388455919649 1.277334239571842
1.161891095876157 1.297544247954110
1.131679645044919 1.316670327714963
1.100793915334492 1.334687274975844
1.069274607201271 1.351571347445188
1.037163256016754 1.367300295707913
1.004502177329414 1.381853392537331
0.971334411112797 1.395211460232394
0.937703665022148 1.407356895825086
0.903654256854177 1.418273694428561
0.869231056066534 1.427947470108571
0.834479424549793 1.436365474337328
0.799445158342257 1.443516619689983
0.764174418934301 1.449391449851456
0.728713708727719 1.453982388893299
0.693109674623699 1.457282607254281
0.657409478149226 1.459291254794608
0.621659656472511 1.459990493754369
0.585902999456920 1.460003512123125
0.550146340391881 1.459998786743334
0.514389681050739 1.460000400200862
0.478633021676580 1.459999872128709
0.442876362299194 1.460000039911382
0.407119702921341 1.459999987765593
0.371363043543494 1.460000003696697
0.335606384165628 1.459999998896143
0.299849724787771 1.460000000326367
0.264093065409908 1.459999999904320
0.228336406032047 1.460000000027845
0.192579746654185 1.459999999991949
0.156823087276322 1.460000000002315
0.121066427898462 1.459999999999338
0.085309768520602 1.460000000000188
0.049553109142739 1.459999999999946
0.013796449764880 1.460000000000016
-0.021960209612982 1.459999999999994
-0.057716868990843 1.460000000000009
-0.093473528368707 1.459999999999969
-0.129230187746567 1.460000000000114
-0.164986847124429 1.459999999999575
-0.200743506502288 1.460000000001579
-0.236500165880149 1.459999999994155
-0.272256825258010 1.460000000021586
-0.308013484635872 1.459999999920484
-0.343770144013737 1.460000000292190
-0.379526803391587 1.459999998928964
-0.415283462769493 1.460000003916222
-0.451040122147168 1.459999985716127
-0.486796781525680 1.460000051966490
-0.522553440899981 1.459999811427375
-0.558310100277813 1.460000682460005
-0.594066759476264 1.459997536821720
-0.629823417216326 1.460008864523997
-0.665580052879845 1.459968189850763
-0.701336418643367 1.460113799572970
-0.737087347655132 1.459473592871576
-0.772471602856233 1.454326964438111
-0.806292576934532 1.442721560554789
-0.837538107072881 1.425336103772465
-0.865178316285219 1.402652223771029
-0.888340410050775 1.375411517855131
-0.906280890485637 1.344481304643028
-0.918427206832713 1.310850873977551
-0.924390528557444 1.275594986679019
-0.923982164480273 1.239840653338103
-0.917207338703792 1.204731682097695
-0.904312375190378 1.171381112536411
-0.885604872939435 1.140908790948112
-0.862035187283756 1.114019940219456
