  -9.4273128e-01   9.8275653e-01
  -9.1297518e-01   9.5300043e-01
  -8.8321908e-01   9.2324433e-01
  -8.5346298e-01   8.9348824e-01
  -8.2370689e-01   8.6373214e-01
  -7.9395079e-01   8.3397604e-01
  -7.6419469e-01   8.0421994e-01
  -7.3443859e-01   7.7446385e-01
  -7.0468250e-01   7.4470775e-01
  -6.7492640e-01   7.1495165e-01
  -6.4517030e-01   6.8519555e-01
  -6.1541420e-01   6.5543946e-01
  -5.8565811e-01   6.2568336e-01
  -5.5590201e-01   5.9592726e-01
  -5.2614591e-01   5.6617116e-01
  -4.9638981e-01   5.3641507e-01
  -4.6663371e-01   5.0665897e-01
  -4.3687762e-01   4.7690287e-01
  -4.0712152e-01   4.4714677e-01
  -3.7736542e-01   4.1739068e-01
  -3.4760932e-01   3.8763458e-01
  -3.1785323e-01   3.5787848e-01
  -2.8809713e-01   3.2812238e-01
  -2.5834103e-01   2.9836629e-01
  -2.2858493e-01   2.6861019e-01
  -1.9882884e-01   2.3885409e-01
  -1.6907274e-01   2.0909799e-01
  -1.3931664e-01   1.7934189e-01
  -1.0956054e-01   1.4958580e-01
  -7.9804447e-02   1.1982970e-01
  -5.0048349e-02   9.0073602e-02
  -2.0292251e-02   6.0317505e-02
   9.4638461e-03   3.0561407e-02
   3.9219944e-02   8.0530951e-04
   6.8976041e-02  -2.8950788e-02
   9.8732139e-02  -5.8706886e-02
   1.2848824e-01  -8.8462983e-02
   1.5824433e-01  -1.1821908e-01
   1.8800043e-01  -1.4797518e-01
   2.1775653e-01  -1.7773128e-01
   2.4751263e-01  -2.0748737e-01
   2.9720225e-01  -2.4874912e-01
   3.5362765e-01  -2.8017785e-01
   4.1486731e-01  -3.0070332e-01
   4.7883579e-01  -3.0962654e-01
   5.4335472e-01  -3.0664365e-01
   6.0622700e-01  -2.9185623e-01
   6.6531157e-01  -2.6576784e-01
   7.1859638e-01  -2.2926689e-01
   7.6426689e-01  -1.8359638e-01
   8.0076784e-01  -1.3031157e-01
   8.2685623e-01  -7.1226997e-02
   8.4164365e-01  -8.3547242e-03
   8.4462654e-01   5.6164211e-02
   8.3570332e-01   1.2013269e-01
   8.1517785e-01   1.8137235e-01
   7.8374912e-01   2.3779775e-01
   7.4248737e-01   2.8748737e-01
   7.0938449e-01   3.2059026e-01
   6.7628161e-01   3.5369314e-01
   6.4317872e-01   3.8679602e-01
   6.1007584e-01   4.1989891e-01
   5.7697296e-01   4.5300179e-01
   5.4387007e-01   4.8610467e-01
   5.1076719e-01   5.1920756e-01
   4.7766431e-01   5.5231044e-01
   4.4456142e-01   5.8541332e-01
   4.1145854e-01   6.1851621e-01
   3.7835566e-01   6.5161909e-01
   3.4525277e-01   6.8472197e-01
   3.1214989e-01   7.1782486e-01
   3.0302032e-01   7.2840857e-01
   2.9554252e-01   7.4021731e-01
   2.8987835e-01   7.5299546e-01
   2.8615043e-01   7.6646642e-01
   2.8443947e-01   7.8033857e-01
   2.8478249e-01   7.9431163e-01
   2.8717207e-01   8.0808312e-01
   2.9155648e-01   8.2135493e-01
   2.9784082e-01   8.3383976e-01
   3.0588904e-01   8.4526736e-01
   3.1552693e-01   8.5539036e-01
   3.2654586e-01   8.6398961e-01
   3.3870730e-01   8.7087898e-01
   3.5174799e-01   8.7590933e-01
   3.6538564e-01   8.7897177e-01
   3.7932504e-01   8.8000000e-01
   4.2146003e-01   8.8000000e-01
   4.6359502e-01   8.8000000e-01
   5.0573001e-01   8.8000000e-01
   5.4786501e-01   8.8000000e-01
   5.9000000e-01   8.8000000e-01
   6.1731388e-01   8.7914163e-01
   6.4451996e-01   8.7656990e-01
   6.7151087e-01   8.7229495e-01
   6.9818010e-01   8.6633368e-01
   7.2442239e-01   8.5870958e-01
   7.5013418e-01   8.4945277e-01
   7.7521399e-01   8.3859977e-01
   7.9956285e-01   8.2619341e-01
   8.2308466e-01   8.1228265e-01
   8.4568658e-01   7.9692239e-01
   8.6727944e-01   7.8017326e-01
   8.8777799e-01   7.6210135e-01
   9.0710135e-01   7.4277799e-01
   9.2517326e-01   7.2227944e-01
   9.4192239e-01   7.0068658e-01
   9.5728265e-01   6.7808466e-01
   9.7119341e-01   6.5456285e-01
   9.8359977e-01   6.3021399e-01
   9.9445277e-01   6.0513418e-01
   1.0037096e+00   5.7942239e-01
   1.0113337e+00   5.5318010e-01
   1.0172950e+00   5.2651087e-01
   1.0215699e+00   4.9951996e-01
   1.0241416e+00   4.7231388e-01
   1.0250000e+00   4.4500000e-01
   1.0250000e+00   4.0833333e-01
   1.0250000e+00   3.7166667e-01
   1.0250000e+00   3.3500000e-01
   1.0250000e+00   2.9833333e-01
   1.0250000e+00   2.6166667e-01
   1.0250000e+00   2.2500000e-01
   1.0250000e+00   1.8833333e-01
   1.0250000e+00   1.5166667e-01
   1.0250000e+00   1.1500000e-01
   1.0250000e+00   7.8333333e-02
   1.0250000e+00   4.1666667e-02
   1.0250000e+00   5.0000000e-03
   1.0243122e+00  -2.3599909e-02
   1.0222506e+00  -5.2133700e-02
   1.0147293e+00  -7.9941216e-02
   1.0059135e+00  -1.0715914e-01
   9.9584218e-01  -1.3372775e-01
   9.8455740e-01  -1.5958972e-01
   9.7210366e-01  -1.8469027e-01
   9.5852794e-01  -2.0897725e-01
   9.4387948e-01  -2.3240124e-01
   9.2820970e-01  -2.5491568e-01
   9.1157196e-01  -2.7647697e-01
   8.9402145e-01  -2.9704449e-01
   8.7561499e-01  -3.1658073e-01
   8.5641089e-01  -3.3505134e-01
   8.3646877e-01  -3.5242516e-01
   8.1584938e-01  -3.6867429e-01
   7.9461442e-01  -3.8377413e-01
   7.7282639e-01  -3.9770339e-01
   7.5054838e-01  -4.1044411e-01
   7.2784393e-01  -4.2198168e-01
   7.0477683e-01  -4.3230482e-01
   6.8141096e-01  -4.4140562e-01
   6.5781010e-01  -4.4927943e-01
   6.3403779e-01  -4.5592492e-01
   6.1015714e-01  -4.6134402e-01
   5.8623065e-01  -4.6554184e-01
   5.6232011e-01  -4.6852666e-01
   5.3848637e-01  -4.7030985e-01
   5.1478923e-01  -4.7090582e-01
   4.9128726e-01  -4.7033189e-01
   4.6803770e-01  -4.6860830e-01
   4.4509629e-01  -4.6575801e-01
   4.2251713e-01  -4.6180670e-01
   4.0035257e-01  -4.5678260e-01
   3.7865309e-01  -4.5071642e-01
   3.5746717e-01  -4.4364121e-01
   3.3684119e-01  -4.3559227e-01
   3.1681932e-01  -4.2660697e-01
   2.9744347e-01  -4.1672468e-01
   2.7875313e-01  -4.0598660e-01
   2.6078534e-01  -3.9443565e-01
   2.4357462e-01  -3.8211629e-01
   2.2715288e-01  -3.6907441e-01
   2.1154937e-01  -3.5535716e-01
   1.9679067e-01  -3.4101283e-01
   1.8290060e-01  -3.2609068e-01
   1.6990022e-01  -3.1064078e-01
   1.5502894e-01  -2.9777370e-01
   1.4079333e-01  -2.8420667e-01
   1.1749910e-01  -2.6132161e-01
   9.4614031e-02  -2.3843654e-01
   7.1728965e-02  -2.1555147e-01
   4.8843898e-02  -1.9266641e-01
   2.5958832e-02  -1.6978134e-01
   3.0737658e-03  -1.4689628e-01
  -1.9811301e-02  -1.2401121e-01
  -4.2696367e-02  -1.0112614e-01
  -6.5581433e-02  -7.8241077e-02
  -8.8466499e-02  -5.5356010e-02
  -1.1135157e-01  -3.2470944e-02
  -1.3423663e-01  -9.5858779e-03
  -1.5712170e-01   1.3299188e-02
  -1.8000676e-01   3.6184255e-02
  -2.0289183e-01   5.9069321e-02
  -2.2577690e-01   8.1954387e-02
  -2.4866196e-01   1.0483945e-01
  -2.7154703e-01   1.2772452e-01
  -2.9443210e-01   1.5060959e-01
  -3.1731716e-01   1.7349465e-01
  -3.4020223e-01   1.9637972e-01
  -3.6308730e-01   2.1926479e-01
  -3.8597236e-01   2.4214985e-01
  -4.0885743e-01   2.6503492e-01
  -4.3174249e-01   2.8791998e-01
  -4.5462756e-01   3.1080505e-01
  -4.7751263e-01   3.3369012e-01
  -5.2617734e-01   3.7424710e-01
  -5.8135552e-01   4.0536769e-01
  -6.4123952e-01   4.2603238e-01
  -7.0386753e-01   4.3556419e-01
  -7.6718784e-01   4.3365085e-01
  -8.2912607e-01   4.2035505e-01
  -8.8765311e-01   3.9611235e-01
  -9.4085161e-01   3.6171696e-01
  -9.8697876e-01   3.1829567e-01
  -1.0245234e+00   2.6727098e-01
  -1.0522557e+00   2.1031445e-01
  -1.0692670e+00   1.4929201e-01
  -1.0750000e+00   8.6202743e-02
  -1.0750000e+00   4.9661405e-02
  -1.0750000e+00   1.3120068e-02
  -1.0750000e+00  -2.3421270e-02
  -1.0750000e+00  -5.9962608e-02
  -1.0750000e+00  -9.6503946e-02
  -1.0750000e+00  -1.3304528e-01
  -1.0750000e+00  -1.6958662e-01
  -1.0750000e+00  -2.0612796e-01
  -1.0750000e+00  -2.4266930e-01
  -1.0750000e+00  -2.7921064e-01
  -1.0750000e+00  -3.1575197e-01
  -1.0750000e+00  -3.5229331e-01
  -1.0750000e+00  -3.8883465e-01
  -1.0750000e+00  -4.2537599e-01
  -1.0750000e+00  -4.6191732e-01
  -1.0750000e+00  -4.9845866e-01
  -1.0750000e+00  -5.3500000e-01
  -1.0712785e+00  -5.9177889e-01
  -1.0601777e+00  -6.4758628e-01
  -1.0418876e+00  -7.0146729e-01
  -1.0167211e+00  -7.5250000e-01
  -9.8510870e-01  -7.9981122e-01
  -9.4759145e-01  -8.4259145e-01
  -9.0481122e-01  -8.8010870e-01
  -8.5750000e-01  -9.1172105e-01
  -8.0646729e-01  -9.3688760e-01
  -7.5258628e-01  -9.5517773e-01
  -6.9677889e-01  -9.6627851e-01
  -6.4000000e-01  -9.7000000e-01
  -6.0750000e-01  -9.7000000e-01
  -5.7500000e-01  -9.7000000e-01
  -5.6581252e-01  -9.7085135e-01
  -5.5693792e-01  -9.7337639e-01
  -5.4867839e-01  -9.7748914e-01
  -5.4131522e-01  -9.8304955e-01
  -5.3509914e-01  -9.8986827e-01
  -5.3024184e-01  -9.9771308e-01
  -5.2690872e-01  -1.0063169e+00
  -5.2521329e-01  -1.0153866e+00
  -5.2521329e-01  -1.0246134e+00
  -5.2690872e-01  -1.0336831e+00
  -5.3024184e-01  -1.0422869e+00
  -5.3509914e-01  -1.0501317e+00
  -5.4131522e-01  -1.0569504e+00
  -5.4867839e-01  -1.0625109e+00
  -5.5693792e-01  -1.0666236e+00
  -5.6581252e-01  -1.0691487e+00
  -5.7500000e-01  -1.0700000e+00
  -6.1250000e-01  -1.0700000e+00
  -6.5000000e-01  -1.0700000e+00
  -6.8750000e-01  -1.0700000e+00
  -7.2500000e-01  -1.0700000e+00
  -7.8931233e-01  -1.0759594e+00
  -8.5143458e-01  -1.0936347e+00
  -9.0925126e-01  -1.1224240e+00
  -9.6079348e-01  -1.1613469e+00
  -1.0043060e+00  -1.2090779e+00
  -1.0383072e+00  -1.2639916e+00
  -1.0616390e+00  -1.3242180e+00
  -1.0735070e+00  -1.3877061e+00
  -1.0735070e+00  -1.4522939e+00
  -1.0616390e+00  -1.5157820e+00
  -1.0383072e+00  -1.5760084e+00
  -1.0043060e+00  -1.6309221e+00
  -9.6079348e-01  -1.6786531e+00
  -9.0925126e-01  -1.7175760e+00
  -8.5143458e-01  -1.7463653e+00
  -7.8931233e-01  -1.7640406e+00
  -7.2500000e-01  -1.7700000e+00
  -6.8826087e-01  -1.7700000e+00
  -6.5152174e-01  -1.7700000e+00
  -6.1478261e-01  -1.7700000e+00
  -5.7804348e-01  -1.7700000e+00
  -5.4130435e-01  -1.7700000e+00
  -5.0456522e-01  -1.7700000e+00
  -4.6782609e-01  -1.7700000e+00
  -4.3108696e-01  -1.7700000e+00
  -3.9434783e-01  -1.7700000e+00
  -3.5760870e-01  -1.7700000e+00
  -3.2086957e-01  -1.7700000e+00
  -2.8413043e-01  -1.7700000e+00
  -2.4739130e-01  -1.7700000e+00
  -2.1065217e-01  -1.7700000e+00
  -1.7391304e-01  -1.7700000e+00
  -1.3717391e-01  -1.7700000e+00
  -1.0043478e-01  -1.7700000e+00
  -6.3695652e-02  -1.7700000e+00
  -2.6956522e-02  -1.7700000e+00
   9.7826087e-03  -1.7700000e+00
   4.6521739e-02  -1.7700000e+00
   8.3260870e-02  -1.7700000e+00
   1.1990541e-01  -1.7700000e+00
   1.8527912e-01  -1.7635613e+00
   2.4814056e-01  -1.7444924e+00
   3.0607399e-01  -1.7135264e+00
   3.5685307e-01  -1.6718531e+00
   3.9852638e-01  -1.6210740e+00
   4.2949244e-01  -1.5631406e+00
   4.4856125e-01  -1.5002791e+00
   4.5500000e-01  -1.4349054e+00
   4.5568991e-01  -1.4289006e+00
   4.5773314e-01  -1.4221650e+00
   4.6105115e-01  -1.4159574e+00
   4.6551645e-01  -1.4105164e+00
   4.7095743e-01  -1.4060512e+00
   4.7716500e-01  -1.4027331e+00
   4.8390061e-01  -1.4006899e+00
   4.9090541e-01  -1.4000000e+00
   5.2600000e-01  -1.4000000e+00
   5.6200000e-01  -1.4000000e+00
   5.9800000e-01  -1.4000000e+00
   6.3400000e-01  -1.4000000e+00
   6.7000000e-01  -1.4000000e+00
   7.0600000e-01  -1.4000000e+00
   7.4200000e-01  -1.4000000e+00
   7.7800000e-01  -1.4000000e+00
   8.1400000e-01  -1.4000000e+00
   8.5000000e-01  -1.4000000e+00
   8.9306163e-01  -1.3989749e+00
   9.3602572e-01  -1.3959021e+00
   9.7879493e-01  -1.3907884e+00
   1.0212724e+00  -1.3836455e+00
   1.0633618e+00  -1.3744895e+00
   1.1049680e+00  -1.3633411e+00
   1.1459965e+00  -1.3502257e+00
   1.1863545e+00  -1.3351730e+00
   1.2259506e+00  -1.3182170e+00
   1.2646950e+00  -1.2993961e+00
   1.3025000e+00  -1.2787530e+00
   1.3392799e+00  -1.2563344e+00
   1.3749515e+00  -1.2321912e+00
   1.4094339e+00  -1.2063781e+00
   1.4426490e+00  -1.1789534e+00
   1.4745215e+00  -1.1499793e+00
   1.5049793e+00  -1.1195215e+00
   1.5339534e+00  -1.0876490e+00
   1.5613781e+00  -1.0544339e+00
   1.5871912e+00  -1.0199515e+00
   1.6113344e+00  -9.8427994e-01
   1.6337530e+00  -9.4750000e-01
   1.6543961e+00  -9.0969500e-01
   1.6732170e+00  -8.7095059e-01
   1.6901730e+00  -8.3135452e-01
   1.7052257e+00  -7.9099651e-01
   1.7183411e+00  -7.4996796e-01
   1.7294895e+00  -7.0836184e-01
   1.7386455e+00  -6.6627238e-01
   1.7457884e+00  -6.2379493e-01
   1.7509021e+00  -5.8102572e-01
   1.7539749e+00  -5.3806163e-01
   1.7550000e+00  -4.9500000e-01
   1.7550000e+00  -4.5907407e-01
   1.7550000e+00  -4.2314815e-01
   1.7550000e+00  -3.8722222e-01
   1.7550000e+00  -3.5129630e-01
   1.7550000e+00  -3.1537037e-01
   1.7550000e+00  -2.7944444e-01
   1.7550000e+00  -2.4351852e-01
   1.7550000e+00  -2.0759259e-01
   1.7550000e+00  -1.7166667e-01
   1.7550000e+00  -1.3574074e-01
   1.7550000e+00  -9.9814815e-02
   1.7550000e+00  -6.3888889e-02
   1.7550000e+00  -2.7962963e-02
   1.7550000e+00   7.9629630e-03
   1.7550000e+00   4.3888889e-02
   1.7550000e+00   7.9814815e-02
   1.7550000e+00   1.1574074e-01
   1.7550000e+00   1.5166667e-01
   1.7550000e+00   1.8759259e-01
   1.7550000e+00   2.2351852e-01
   1.7550000e+00   2.5944444e-01
   1.7550000e+00   2.9537037e-01
   1.7550000e+00   3.3129630e-01
   1.7550000e+00   3.6722222e-01
   1.7550000e+00   4.0314815e-01
   1.7550000e+00   4.3907407e-01
   1.7550000e+00   4.7500000e-01
   1.7542428e+00   5.1645250e-01
   1.7519721e+00   5.5784968e-01
   1.7481911e+00   5.9913632e-01
   1.7429047e+00   6.4025733e-01
   1.7361200e+00   6.8115783e-01
   1.7278461e+00   7.2178325e-01
   1.7180940e+00   7.6207939e-01
   1.7068767e+00   8.0199248e-01
   1.6942091e+00   8.4146926e-01
   1.6801083e+00   8.8045706e-01
   1.6645929e+00   9.1890386e-01
   1.6476837e+00   9.5675835e-01
   1.6294033e+00   9.9397004e-01
   1.6097761e+00   1.0304893e+00
   1.5888282e+00   1.0662673e+00
   1.5665875e+00   1.1012564e+00
   1.5430839e+00   1.1354099e+00
   1.5183485e+00   1.1686822e+00
   1.4924145e+00   1.2010289e+00
   1.4653164e+00   1.2324069e+00
   1.4370904e+00   1.2627742e+00
   1.4077742e+00   1.2920904e+00
   1.3774069e+00   1.3203164e+00
   1.3460289e+00   1.3474145e+00
   1.3136822e+00   1.3733485e+00
   1.2804099e+00   1.3980839e+00
   1.2462564e+00   1.4215875e+00
   1.2112673e+00   1.4438282e+00
   1.1754893e+00   1.4647761e+00
   1.1389700e+00   1.4844033e+00
   1.1017584e+00   1.5026837e+00
   1.0639039e+00   1.5195929e+00
   1.0254571e+00   1.5351083e+00
   9.8646926e-01   1.5492091e+00
   9.4699248e-01   1.5618767e+00
   9.0707939e-01   1.5730940e+00
   8.6678325e-01   1.5828461e+00
   8.2615783e-01   1.5911200e+00
   7.8525733e-01   1.5979047e+00
   7.4413632e-01   1.6031911e+00
   7.0284968e-01   1.6069721e+00
   6.6145250e-01   1.6092428e+00
   6.2000000e-01   1.6100000e+00
   5.8364865e-01   1.6100000e+00
   5.4729730e-01   1.6100000e+00
   5.1094595e-01   1.6100000e+00
   4.7459459e-01   1.6100000e+00
   4.3824324e-01   1.6100000e+00
   4.0189189e-01   1.6100000e+00
   3.6554054e-01   1.6100000e+00
   3.2918919e-01   1.6100000e+00
   2.9283784e-01   1.6100000e+00
   2.5648649e-01   1.6100000e+00
   2.2013514e-01   1.6100000e+00
   1.8378378e-01   1.6100000e+00
   1.4743243e-01   1.6100000e+00
   1.1108108e-01   1.6100000e+00
   7.4729730e-02   1.6100000e+00
   3.8378378e-02   1.6100000e+00
   2.0270270e-03   1.6100000e+00
  -3.4324324e-02   1.6100000e+00
  -7.0675676e-02   1.6100000e+00
  -1.0702703e-01   1.6100000e+00
  -1.4337838e-01   1.6100000e+00
  -1.7972973e-01   1.6100000e+00
  -2.1608108e-01   1.6100000e+00
  -2.5243243e-01   1.6100000e+00
  -2.8878378e-01   1.6100000e+00
  -3.2513514e-01   1.6100000e+00
  -3.6148649e-01   1.6100000e+00
  -3.9783784e-01   1.6100000e+00
  -4.3418919e-01   1.6100000e+00
  -4.7054054e-01   1.6100000e+00
  -5.0689189e-01   1.6100000e+00
  -5.4324324e-01   1.6100000e+00
  -5.7959459e-01   1.6100000e+00
  -6.1594595e-01   1.6100000e+00
  -6.5229730e-01   1.6100000e+00
  -6.8864865e-01   1.6100000e+00
  -7.2500000e-01   1.6100000e+00
  -7.8808926e-01   1.6042670e+00
  -8.4911171e-01   1.5872557e+00
  -9.0606823e-01   1.5595234e+00
  -9.5709293e-01   1.5219788e+00
  -1.0005142e+00   1.4758516e+00
  -1.0349096e+00   1.4226531e+00
  -1.0591523e+00   1.3641261e+00
  -1.0724481e+00   1.3021878e+00
  -1.0743614e+00   1.2388675e+00
  -1.0648296e+00   1.1762395e+00
  -1.0441649e+00   1.1163555e+00
  -1.0130444e+00   1.0611773e+00
  -9.7248737e-01   1.0125126e+00
