  -2.1238970e-01
  -2.0177751e-01
  -1.8981763e-01
  -1.7908113e-01
  -1.6729966e-01
  -1.5638685e-01
  -1.4654772e-01
  -1.3768189e-01
  -1.2969975e-01
  -1.2252132e-01
  -1.1607524e-01
  -1.1029780e-01
  -1.0513206e-01
  -1.0052702e-01
  -9.6436917e-02
  -9.2820477e-02
  -8.9640358e-02
  -8.6862572e-02
  -8.4455999e-02
  -8.2391949e-02
  -8.0643781e-02
  -7.9186569e-02
  -7.7996809e-02
  -7.7052179e-02
  -7.6331321e-02
  -7.5813671e-02
  -7.5479310e-02
  -7.5308842e-02
  -7.5283305e-02
  -7.5384091e-02
  -7.5592891e-02
  -7.5891654e-02
  -7.6262560e-02
  -7.6688004e-02
  -7.7150588e-02
  -7.7633124e-02
  -7.8118637e-02
  -7.8593701e-02
  -7.9055504e-02
  -7.9502981e-02
  -7.9935067e-02
  -8.0350699e-02
  -8.0748814e-02
  -8.1128352e-02
  -8.1488255e-02
  -8.1827467e-02
  -8.2144930e-02
  -8.2439592e-02
  -8.2710401e-02
  -8.2956305e-02
  -8.3176256e-02
  -8.3369205e-02
  -8.3534105e-02
  -8.3669910e-02
  -8.3775577e-02
  -8.3850061e-02
  -8.3892319e-02
  -8.3901309e-02
  -8.3875989e-02
  -8.3815317e-02
  -8.3718252e-02
  -8.3583750e-02
  -8.3410771e-02
  -8.3198270e-02
  -8.2945203e-02
  -8.2650525e-02
  -8.2313188e-02
  -8.1932143e-02
  -8.1506340e-02
  -8.1034722e-02
  -8.0516233e-02
  -7.9949758e-02
  -7.9337850e-02
  -7.8698856e-02
  -7.8054837e-02
  -7.7428304e-02
  -7.6842183e-02
  -7.6319793e-02
  -7.5884817e-02
  -7.5561295e-02
  -7.5373623e-02
  -7.5346576e-02
  -7.5505350e-02
  -7.5875630e-02
  -7.6483681e-02
  -7.7356469e-02
  -7.8521816e-02
  -8.0008579e-02
  -8.1846857e-02
  -8.4068740e-02
  -8.6709241e-02
  -8.9806262e-02
  -9.3402635e-02
  -9.7547539e-02
  -1.0229828e-01
  -1.0772262e-01
  -1.1390171e-01
  -1.2093405e-01
  -1.2894050e-01
  -1.3807100e-01
  -1.4851337e-01
  -1.5790746e-01
  -1.6885584e-01
  -1.7983801e-01
  -1.8897604e-01
  -2.0005496e-01
  -2.0840397e-01
  -2.1793058e-01
  -2.2649684e-01
  -2.3422569e-01
  -2.4231125e-01
  -2.4817066e-01
  -2.5543839e-01
  -2.5947878e-01
  -2.6558205e-01
  -2.6791612e-01
  -2.7247996e-01
  -2.7329421e-01
  -2.7593263e-01
  -2.7549726e-01
  -2.7592430e-01
  -2.7435434e-01
  -2.7272963e-01
  -2.6970319e-01
  -2.6633645e-01
  -2.6161521e-01
  -2.5679692e-01
  -2.5025715e-01
  -2.4424213e-01
  -2.3586311e-01
  -2.2889490e-01
  -2.1881831e-01
  -2.1117243e-01
  -2.0034061e-01
  -1.9143746e-01
  -1.8132858e-01
  -1.7103872e-01
  -1.6246690e-01
  -1.5314693e-01
  -1.4533545e-01
  -1.3881342e-01
  -1.3340808e-01
  -1.2898186e-01
  -1.2542418e-01
  -1.2264503e-01
  -1.2057023e-01
  -1.1913771e-01
  -1.1829472e-01
  -1.1799566e-01
  -1.1820040e-01
  -1.1885941e-01
  -1.1988272e-01
  -1.2117693e-01
  -1.2265312e-01
  -1.2422686e-01
  -1.2581863e-01
  -1.2735443e-01
  -1.2876660e-01
  -1.2999465e-01
  -1.3098613e-01
  -1.3169716e-01
  -1.3209268e-01
  -1.3214604e-01
  -1.3183781e-01
  -1.3115355e-01
  -1.3008016e-01
  -1.2860084e-01
  -1.2667947e-01
  -1.2423195e-01
  -1.2122683e-01
  -1.1763602e-01
  -1.1342061e-01
  -1.0852455e-01
  -1.0286553e-01
  -9.6321284e-02
  -8.9688929e-02
  -8.4539649e-02
  -8.0544078e-02
  -7.7585617e-02
  -7.5583653e-02
  -7.4493521e-02
  -7.4429591e-02
  -7.5587113e-02
  -7.8277726e-02
  -8.2837905e-02
  -8.9213548e-02
  -9.7916593e-02
  -1.0967659e-01
  -1.2261431e-01
  -1.3337364e-01
  -1.4199482e-01
  -1.4874199e-01
  -1.5412618e-01
  -1.5851146e-01
  -1.6213539e-01
  -1.6517197e-01
  -1.6774487e-01
  -1.6993794e-01
  -1.7180404e-01
  -1.7337212e-01
  -1.7465322e-01
  -1.7564521e-01
  -1.7633666e-01
  -1.7670994e-01
  -1.7674354e-01
  -1.7641388e-01
  -1.7569663e-01
  -1.7456762e-01
  -1.7300348e-01
  -1.7098202e-01
  -1.6848238e-01
  -1.6550488e-01
  -1.6237923e-01
  -1.5874543e-01
  -1.5533657e-01
  -1.5151935e-01
  -1.4795389e-01
  -1.4403311e-01
  -1.4045064e-01
  -1.3650502e-01
  -1.3300606e-01
  -1.2919868e-01
  -1.2575327e-01
  -1.2213727e-01
  -1.1877656e-01
  -1.1537003e-01
  -1.1208757e-01
  -1.0885890e-01
  -1.0564261e-01
  -1.0261726e-01
  -9.9489348e-02
  -9.6713247e-02
  -9.3712683e-02
  -9.1239366e-02
  -8.8586945e-02
  -8.6307456e-02
  -8.4076348e-02
  -8.2043430e-02
  -8.0311648e-02
  -7.8582266e-02
  -7.7430190e-02
  -7.6259319e-02
  -7.5572356e-02
  -7.5108307e-02
  -7.4879159e-02
  -7.5202945e-02
  -7.5626904e-02
  -7.6684267e-02
  -7.8025198e-02
  -7.9694565e-02
  -8.2039114e-02
  -8.4606800e-02
  -8.7793286e-02
  -9.1432385e-02
  -9.5286502e-02
  -9.9967090e-02
  -1.0464671e-01
  -1.0940169e-01
  -1.1391915e-01
  -1.1819593e-01
  -1.2222919e-01
  -1.2601640e-01
  -1.2955528e-01
  -1.3284385e-01
  -1.3588038e-01
  -1.3866335e-01
  -1.4119145e-01
  -1.4346352e-01
  -1.4547852e-01
  -1.4723549e-01
  -1.4873349e-01
  -1.4997154e-01
  -1.5094854e-01
  -1.5166321e-01
  -1.5211398e-01
  -1.5229891e-01
  -1.5221558e-01
  -1.5186096e-01
  -1.5123126e-01
  -1.5032182e-01
  -1.4912692e-01
  -1.4763963e-01
  -1.4585159e-01
  -1.4375285e-01
  -1.4133162e-01
  -1.3857335e-01
  -1.3545091e-01
  -1.3194961e-01
  -1.2837121e-01
  -1.2443929e-01
  -1.2076997e-01
  -1.1676536e-01
  -1.1523447e-01
  -1.1339195e-01
  -1.1189544e-01
  -1.1011143e-01
  -1.0864203e-01
  -1.0694258e-01
  -1.0550436e-01
  -1.0390959e-01
  -1.0250340e-01
  -1.0102759e-01
  -9.9651000e-02
  -9.8302762e-02
  -9.6950114e-02
  -9.5732688e-02
  -9.4395163e-02
  -9.3306795e-02
  -9.1991559e-02
  -9.1006965e-02
  -8.9813337e-02
  -8.8808257e-02
  -8.7724029e-02
  -8.6679736e-02
  -8.5689860e-02
  -8.4585385e-02
  -8.3672646e-02
  -8.2522583e-02
  -8.1641309e-02
  -8.0578459e-02
  -7.9619493e-02
  -7.8670556e-02
  -7.7643695e-02
  -7.6833919e-02
  -7.5857099e-02
  -7.5100371e-02
  -7.4302257e-02
  -7.3497861e-02
  -7.2897691e-02
  -7.2174041e-02
  -7.1664038e-02
  -7.1166613e-02
  -7.0616933e-02
  -7.0357087e-02
  -7.0005388e-02
  -6.9752739e-02
  -6.9654012e-02
  -6.9478340e-02
  -6.9513166e-02
  -6.9598318e-02
  -6.9617119e-02
  -6.9921903e-02
  -7.0202752e-02
  -7.0436597e-02
  -7.0974716e-02
  -7.1454378e-02
  -7.1917615e-02
  -7.2666877e-02
  -7.3396861e-02
  -7.4136441e-02
  -7.5223264e-02
  -7.6350279e-02
  -7.7541382e-02
  -7.9032259e-02
  -8.0711170e-02
  -8.2515451e-02
  -8.4491842e-02
  -8.6877282e-02
  -8.9448618e-02
  -9.2229048e-02
  -9.5241404e-02
  -9.8720244e-02
  -1.0247460e-01
  -1.0651907e-01
  -1.1006943e-01
  -1.1134681e-01
  -1.1307324e-01
  -1.1471948e-01
  -1.1616935e-01
  -1.1744392e-01
  -1.1853312e-01
  -1.1938233e-01
  -1.1999560e-01
  -1.2037765e-01
  -1.2054085e-01
  -1.2050041e-01
  -1.2027158e-01
  -1.1986998e-01
  -1.1931170e-01
  -1.1861340e-01
  -1.1779240e-01
  -1.1686666e-01
  -1.1585485e-01
  -1.1477632e-01
  -1.1365107e-01
  -1.1249974e-01
  -1.1134356e-01
  -1.1020433e-01
  -1.0910434e-01
  -1.0806639e-01
  -1.0711369e-01
  -1.0626992e-01
  -1.0555917e-01
  -1.0500598e-01
  -1.0463537e-01
  -1.0447291e-01
  -1.0454481e-01
  -1.0487803e-01
  -1.0550046e-01
  -1.0644110e-01
  -1.0773028e-01
  -1.0939994e-01
  -1.1148394e-01
  -1.1401840e-01
  -1.1704208e-01
  -1.2059679e-01
  -1.2472783e-01
  -1.2948446e-01
  -1.3491222e-01
  -1.4101603e-01
  -1.4781520e-01
  -1.5533798e-01
  -1.6361940e-01
  -1.7270245e-01
  -1.8263976e-01
  -1.9349559e-01
  -2.0361432e-01
  -2.1389225e-01
  -2.2514111e-01
  -2.3246795e-01
  -2.4074796e-01
  -2.4834724e-01
  -2.5377900e-01
  -2.6023604e-01
  -2.6417378e-01
  -2.6790095e-01
  -2.7180072e-01
  -2.7287970e-01
  -2.7517692e-01
  -2.7497885e-01
  -2.7478844e-01
  -2.7401950e-01
  -2.7143458e-01
  -2.6987752e-01
  -2.6501729e-01
  -2.6191423e-01
  -2.5566028e-01
  -2.5071776e-01
  -2.4405860e-01
  -2.3726498e-01
  -2.3062784e-01
  -2.2187373e-01
  -2.1467726e-01
  -2.0480934e-01
  -1.9545370e-01
  -1.8628610e-01
  -1.7457736e-01
  -1.6421730e-01
  -1.5366040e-01
  -1.4323739e-01
  -1.3389915e-01
  -1.2554009e-01
  -1.1807576e-01
  -1.1143855e-01
  -1.0557428e-01
  -1.0043973e-01
  -9.6000609e-02
  -9.2230147e-02
  -8.9107919e-02
  -8.6619042e-02
  -8.4753597e-02
  -8.3506270e-02
  -8.2876192e-02
  -8.2866973e-02
  -8.3486925e-02
  -8.4749507e-02
  -8.6674005e-02
  -8.9286504e-02
  -9.2621210e-02
  -9.6722208e-02
  -1.0164580e-01
  -1.0746353e-01
  -1.1422708e-01
  -1.2194593e-01
  -1.3065627e-01
  -1.4039683e-01
  -1.5120785e-01
  -1.6216998e-01
  -1.7334426e-01
  -1.8530122e-01
  -1.9490827e-01
  -2.0539138e-01
  -2.1466639e-01
  -2.2329054e-01
  -2.3238310e-01
  -2.3906578e-01
  -2.4632040e-01
  -2.5262914e-01
  -2.5778752e-01
  -2.6338719e-01
  -2.6704622e-01
  -2.7047006e-01
  -2.7419002e-01
  -2.7545951e-01
  -2.7701877e-01
  -2.7849233e-01
  -2.7787662e-01
  -2.7749463e-01
  -2.7695721e-01
  -2.7440433e-01
  -2.7210817e-01
  -2.6999240e-01
  -2.6604850e-01
  -2.6205582e-01
  -2.5822497e-01
  -2.5453024e-01
  -2.4959973e-01
  -2.4458858e-01
  -2.3987707e-01
  -2.3550787e-01
  -2.3154343e-01
  -2.2806549e-01
  -2.2517292e-01
  -2.2263811e-01
  -2.2078523e-01
  -2.2006826e-01
  -2.2056659e-01
  -2.2073847e-01
  -2.1957887e-01
  -2.1690095e-01
  -2.1232763e-01
  -2.0469794e-01
  -1.8780487e-01
  -8.2526170e-02
  -7.5308001e-02
  -7.2593309e-02
  -7.2764343e-02
  -7.5406883e-02
  -8.1549740e-02
  -9.3826059e-02
  -1.0615155e-01
  -1.1712513e-01
  -1.2734856e-01
  -1.3715242e-01
  -1.4672737e-01
  -1.5619037e-01
  -1.6562012e-01
  -1.7507688e-01
  -1.8461437e-01
  -1.9346424e-01
  -2.0154255e-01
  -2.1007426e-01
  -2.1921032e-01
  -2.2628437e-01
  -2.3277813e-01
  -2.4016805e-01
  -2.4617515e-01
  -2.5119697e-01
  -2.5769192e-01
  -2.6096420e-01
  -2.6570414e-01
  -2.6855975e-01
  -2.7204687e-01
  -2.7347251e-01
  -2.7633838e-01
  -2.7549953e-01
  -2.7631678e-01
  -2.7412879e-01
  -2.7277981e-01
  -2.6914679e-01
  -2.6577238e-01
  -2.6059687e-01
  -2.5526478e-01
  -2.4871341e-01
  -2.4152497e-01
  -2.3431657e-01
  -2.2630420e-01
  -2.1883038e-01
  -2.1080241e-01
  -2.0282114e-01
  -1.9546573e-01
  -1.8661778e-01
  -1.7985841e-01
  -1.7043270e-01
  -1.6216377e-01
  -1.5443268e-01
  -1.4431832e-01
  -1.3562955e-01
  -1.2735432e-01
  -1.1875280e-01
  -1.1119708e-01
  -1.0456642e-01
  -9.8766887e-02
  -9.3723751e-02
  -8.9370915e-02
  -8.5664966e-02
  -8.2570876e-02
  -8.0057680e-02
  -7.8098073e-02
  -7.6668016e-02
  -7.5746372e-02
  -7.5314560e-02
  -7.5356229e-02
  -7.5856958e-02
  -7.6803974e-02
  -7.8185895e-02
  -7.9992500e-02
  -8.2214507e-02
  -8.4843386e-02
  -8.7871184e-02
  -9.1290365e-02
  -9.5093678e-02
  -9.9274032e-02
  -1.0382439e-01
  -1.0873766e-01
  -1.1400664e-01
  -1.1962392e-01
  -1.2558185e-01
  -1.3187246e-01
  -1.3848741e-01
  -1.4541799e-01
  -1.5265506e-01
  -1.6018902e-01
  -1.6800981e-01
  -1.7610687e-01
  -1.8446915e-01
  -1.9308506e-01
  -2.0194251e-01
  -2.1102886e-01
  -2.2032814e-01
  -2.2979618e-01
  -2.3862987e-01
  -2.4613588e-01
  -2.5372488e-01
  -2.6137373e-01
  -2.6602986e-01
  -2.6987111e-01
  -2.7373558e-01
  -2.7760575e-01
  -2.7859735e-01
  -2.7907595e-01
  -2.7955930e-01
  -2.8003385e-01
  -2.7865858e-01
  -2.7595850e-01
  -2.7325866e-01
  -2.7054655e-01
  -2.6753070e-01
  -2.6158375e-01
  -2.5561625e-01
  -2.4961171e-01
  -2.4355337e-01
  -2.3523839e-01
  -2.2533996e-01
  -2.1529609e-01
  -2.0507253e-01
  -1.9211253e-01
  -1.7614364e-01
  -1.5964110e-01
  -1.4058326e-01
  -1.1256437e-01
  -8.2643697e-02
  -7.8300915e-02
  -8.3760805e-02
  -8.9050676e-02
  -9.4190879e-02
  -9.9200736e-02
  -1.0409875e-01
  -1.0890279e-01
  -1.1363026e-01
  -1.1829821e-01
  -1.2292351e-01
  -1.2752296e-01
  -1.3211339e-01
  -1.3671177e-01
  -1.4133531e-01
  -1.4600158e-01
  -1.5072859e-01
  -1.5553491e-01
  -1.6043979e-01
  -1.6546326e-01
  -1.7062627e-01
  -1.7595084e-01
  -1.8139026e-01
  -1.8663953e-01
  -1.9211519e-01
  -1.9707235e-01
  -2.0211235e-01
  -2.0694410e-01
  -2.1161335e-01
  -2.1634229e-01
  -2.2068023e-01
  -2.2524755e-01
  -2.2919466e-01
  -2.3343097e-01
  -2.3711414e-01
  -2.4094684e-01
  -2.4442294e-01
  -2.4784585e-01
  -2.5110682e-01
  -2.5411423e-01
  -2.5715308e-01
  -2.5973971e-01
  -2.6255048e-01
  -2.6471152e-01
  -2.6713865e-01
  -2.6902033e-01
  -2.7101403e-01
  -2.7265825e-01
  -2.7421517e-01
  -2.7561877e-01
  -2.7673600e-01
  -2.7789675e-01
  -2.7857184e-01
  -2.7948840e-01
  -2.7971932e-01
  -2.8020400e-01
  -2.8017641e-01
  -2.8021445e-01
  -2.7994235e-01
  -2.7953319e-01
  -2.7901773e-01
  -2.7816122e-01
  -2.7740441e-01
  -2.7610087e-01
  -2.7504984e-01
  -2.7335580e-01
  -2.7185971e-01
  -2.6993101e-01
  -2.6799167e-01
  -2.6583296e-01
  -2.6345264e-01
  -2.6106956e-01
  -2.5825099e-01
  -2.5565023e-01
  -2.5239665e-01
  -2.4940563e-01
  -2.4590118e-01
  -2.4248290e-01
  -2.3877782e-01
  -2.3493716e-01
  -2.3104161e-01
  -2.2678400e-01
  -2.2270946e-01
  -2.1804088e-01
  -2.1365144e-01
  -2.0872727e-01
  -2.0393950e-01
  -1.9886470e-01
  -1.9368631e-01
  -1.8847705e-01
  -1.8292088e-01
  -1.7760526e-01
  -1.7168055e-01
  -1.6605407e-01
  -1.5997545e-01
  -1.5397690e-01
  -1.4804230e-01
  -1.4214543e-01
  -1.3653098e-01
  -1.3119142e-01
  -1.2611967e-01
  -1.2130910e-01
  -1.1675351e-01
  -1.1244707e-01
  -1.0838435e-01
  -1.0456024e-01
  -1.0097000e-01
  -9.7609180e-02
  -9.4473653e-02
  -9.1559564e-02
  -8.8863333e-02
  -8.6381637e-02
  -8.4111399e-02
  -8.2049776e-02
  -8.0194145e-02
  -7.8542099e-02
  -7.7091430e-02
  -7.5840126e-02
  -7.4786361e-02
  -7.3928485e-02
  -7.3265020e-02
  -7.2794654e-02
  -7.2516232e-02
  -7.2428750e-02
  -7.2531357e-02
  -7.2823343e-02
  -7.3304137e-02
  -7.3973305e-02
  -7.4830548e-02
  -7.5875694e-02
  -7.7108701e-02
  -7.8529654e-02
  -8.0138762e-02
  -8.1936357e-02
  -8.3922894e-02
  -8.6098952e-02
  -8.8465232e-02
  -9.1022558e-02
  -9.3771879e-02
  -9.6714267e-02
  -9.9850922e-02
  -1.0318318e-01
  -1.0671249e-01
  -1.1044045e-01
  -1.1436880e-01
  -1.1849940e-01
  -1.2283428e-01
  -1.2737560e-01
  -1.3212569e-01
  -1.3708703e-01
  -1.4226227e-01
  -1.4732791e-01
  -1.5257720e-01
  -1.5756930e-01
  -1.6253278e-01
  -1.6741190e-01
  -1.7208767e-01
  -1.7684729e-01
  -1.8123386e-01
  -1.8583211e-01
  -1.8996455e-01
  -1.9427098e-01
  -1.9827411e-01
  -2.0228832e-01
  -2.0615796e-01
  -2.0987994e-01
  -2.1361257e-01
  -2.1704264e-01
  -2.2063538e-01
  -2.2377419e-01
  -2.2712278e-01
  -2.3007328e-01
  -2.3313162e-01
  -2.3593945e-01
  -2.3870913e-01
  -2.4137304e-01
  -2.4385597e-01
  -2.4637518e-01
  -2.4857356e-01
  -2.5094774e-01
  -2.5286403e-01
  -2.5499528e-01
  -2.5673020e-01
  -2.5858346e-01
  -2.6017554e-01
  -2.6175408e-01
  -2.6320416e-01
  -2.6451146e-01
  -2.6582073e-01
  -2.6686053e-01
  -2.6803047e-01
  -2.6880673e-01
  -2.6980930e-01
  -2.7035602e-01
  -2.7110168e-01
  -2.7151483e-01
  -2.7200815e-01
  -2.7229005e-01
  -2.7253576e-01
  -2.7268893e-01
  -2.7269192e-01
  -2.7271912e-01
  -2.7248442e-01
  -2.7238857e-01
  -2.7192131e-01
  -2.7169958e-01
  -2.7101090e-01
  -2.7056520e-01
  -2.6976168e-01
  -2.6909742e-01
  -2.6818228e-01
  -2.6730486e-01
  -2.6628137e-01
  -2.6519621e-01
  -2.6406761e-01
  -2.6278006e-01
  -2.6154957e-01
  -2.6006489e-01
  -2.5873561e-01
  -2.5705895e-01
  -2.5563384e-01
  -2.5377068e-01
  -2.5218509e-01
  -2.5021912e-01
  -2.4844337e-01
  -2.4638399e-01
  -2.4439383e-01
  -2.4222956e-01
  -2.4000157e-01
  -2.3772130e-01
  -2.3523288e-01
  -2.3282601e-01
  -2.3005537e-01
  -2.2748669e-01
  -2.2443799e-01
  -2.2155480e-01
  -2.1835102e-01
  -2.1513380e-01
  -2.1176601e-01
  -2.0819592e-01
  -2.0465575e-01
  -2.0071446e-01
  -1.9692650e-01
  -1.9266372e-01
  -1.8847839e-01
  -1.8422579e-01
  -1.7996923e-01
  -1.7584006e-01
  -1.7183178e-01
  -1.6793814e-01
  -1.6415306e-01
  -1.6047071e-01
  -1.5688541e-01
  -1.5339164e-01
  -1.4998403e-01
  -1.4665702e-01
  -1.4340046e-01
  -1.4021205e-01
  -1.3709252e-01
  -1.3404258e-01
  -1.3106293e-01
  -1.2815427e-01
  -1.2531727e-01
  -1.2255259e-01
  -1.1986087e-01
  -1.1724276e-01
  -1.1469889e-01
  -1.1222986e-01
  -1.0983627e-01
  -1.0751874e-01
  -1.0527783e-01
  -1.0311413e-01
  -1.0102821e-01
  -9.9020618e-02
  -9.7091927e-02
  -9.5242683e-02
  -9.3473434e-02
  -9.1784727e-02
  -9.0177103e-02
  -8.8651105e-02
  -8.7207275e-02
  -8.5846156e-02
  -8.4568290e-02
  -8.3374226e-02
  -8.2264513e-02
  -8.1239705e-02
  -8.0300363e-02
  -7.9447052e-02
  -7.8680343e-02
  -7.8000817e-02
  -7.7409044e-02
  -7.6907974e-02
  -7.6509391e-02
  -7.6226961e-02
  -7.6074475e-02
  -7.6065885e-02
  -7.6215342e-02
  -7.6537252e-02
  -7.7046339e-02
  -7.7757728e-02
  -7.8687039e-02
  -7.9850508e-02
  -8.1265126e-02
  -8.2948807e-02
  -8.4920589e-02
  -8.7200871e-02
  -8.9811692e-02
  -9.2777065e-02
  -9.6123369e-02
  -9.9879803e-02
  -1.0407893e-01
  -1.0875731e-01
  -1.1395623e-01
  -1.1972260e-01
  -1.2610991e-01
  -1.3317948e-01
  -1.4100177e-01
  -1.4965802e-01
  -1.5924213e-01
  -1.6986284e-01
  -1.8083561e-01
  -1.9130784e-01
  -2.0302550e-01
  -2.1288344e-01
  -2.2202312e-01
  -2.3242796e-01
  -2.3901911e-01
  -2.4677681e-01
  -2.5352722e-01
  -2.5861764e-01
  -2.6490796e-01
  -2.6757622e-01
  -2.7120501e-01
  -2.7334209e-01
  -2.7434979e-01
  -2.7562044e-01
  -2.7405026e-01
  -2.7400849e-01
  -2.7006760e-01
  -2.6772164e-01
  -2.6226983e-01
  -2.5782769e-01
  -2.5070933e-01
  -2.4445935e-01
  -2.3568210e-01
  -2.2796491e-01
  -2.1770489e-01
  -2.0883501e-01
  -1.9737091e-01
