  -1.0572668e+00
  -8.7602103e-01
  -8.7602103e-01
  -8.7602103e-01
  -7.8539816e-01
  -7.8539816e-01
  -7.8539816e-01
  -7.8539816e-01
  -7.8539816e-01
  -7.8539816e-01
  -7.8539816e-01
  -7.8539816e-01
  -7.8539816e-01
  -7.8539816e-01
  -7.8539816e-01
  -7.8539816e-01
  -7.8539816e-01
  -7.8539816e-01
  -7.8539816e-01
  -7.8539816e-01
  -7.8539816e-01
  -7.8539816e-01
  -7.8539816e-01
  -7.8539816e-01
  -7.8539816e-01
  -7.8539816e-01
  -7.8539816e-01
  -7.8539816e-01
  -7.8539816e-01
  -7.8539816e-01
  -7.8539816e-01
  -7.8539816e-01
  -7.8539816e-01
  -7.8539816e-01
  -7.8539816e-01
  -7.8539816e-01
  -7.8539816e-01
  -7.8539816e-01
  -7.8539816e-01
  -7.8539816e-01
  -7.8539816e-01
  -7.8539816e-01
  -7.8539816e-01
  -7.8539816e-01
  -7.8539816e-01
  -7.8539816e-01
  -7.8539816e-01
  -7.8539816e-01
  -7.8539816e-01
  -7.8539816e-01
  -7.8539816e-01
  -7.8539816e-01
  -7.8539816e-01
  -7.8539816e-01
  -7.8539816e-01
  -7.8539816e-01
  -7.8539816e-01
  -7.8539816e-01
  -7.8539816e-01
  -7.8539816e-01
  -7.8539816e-01
  -7.8539816e-01
  -7.8539816e-01
  -7.8539816e-01
  -7.8539816e-01
  -7.8539816e-01
  -7.8539816e-01
  -7.8539816e-01
  -7.8539816e-01
  -7.8539816e-01
  -7.8539816e-01
  -7.8539816e-01
  -7.8539816e-01
  -7.8539816e-01
  -7.8539816e-01
  -7.8539816e-01
  -7.8539816e-01
  -7.8539816e-01
  -7.8539816e-01
  -7.8539816e-01
  -7.8539816e-01
  -7.8539816e-01
  -7.8539816e-01
  -7.8539816e-01
  -7.8539816e-01
  -7.8539816e-01
  -7.8539816e-01
  -7.8539816e-01
  -7.8539816e-01
  -7.8539816e-01
  -7.8539816e-01
  -7.8539816e-01
  -7.8539816e-01
  -7.8539816e-01
  -7.8539816e-01
  -7.8539816e-01
  -7.8539816e-01
  -7.8539816e-01
  -7.8539816e-01
  -7.8539816e-01
  -7.8539816e-01
  -6.9299838e-01
  -6.9299838e-01
  -5.0819881e-01
  -5.0819881e-01
  -5.0819881e-01
  -3.2339924e-01
  -3.2339924e-01
  -1.3859968e-01
  -1.3859968e-01
   4.6199892e-02
   4.6199892e-02
   2.3099946e-01
   2.3099946e-01
   4.1579903e-01
   4.1579903e-01
   6.0059860e-01
   6.0059860e-01
   7.8539816e-01
   7.8539816e-01
   9.7019773e-01
   9.7019773e-01
   1.1549973e+00
   1.1549973e+00
   1.3397969e+00
   1.3397969e+00
   1.5245964e+00
   1.5245964e+00
   1.7093960e+00
   1.7093960e+00
   1.8941956e+00
   1.8941956e+00
   1.8941956e+00
   2.0789951e+00
   2.0789951e+00
   2.2637947e+00
   2.2637947e+00
   2.3561945e+00
   2.3561945e+00
   2.3561945e+00
   2.3561945e+00
   2.3561945e+00
   2.3561945e+00
   2.3561945e+00
   2.3561945e+00
   2.3561945e+00
   2.3561945e+00
   2.3561945e+00
   2.3561945e+00
   2.3561945e+00
   2.3561945e+00
   2.3561945e+00
   2.3561945e+00
   2.3561945e+00
   2.3561945e+00
   2.3561945e+00
   2.3561945e+00
   2.3561945e+00
   2.3561945e+00
   2.3561945e+00
   2.3561945e+00
   2.3561945e+00
   2.3561945e+00
   2.3561945e+00
   2.3561945e+00
   2.3561945e+00
   2.3561945e+00
   2.3561945e+00
   2.3561945e+00
   2.3561945e+00
   2.3561945e+00
   2.3561945e+00
   2.3561945e+00
   2.3561945e+00
   2.3561945e+00
   2.1353013e+00
   1.9880391e+00
   1.8407769e+00
   1.6935148e+00
   1.5462526e+00
   1.3989905e+00
   1.2517283e+00
   1.1044662e+00
   8.0994186e-01
   6.6267970e-01
   5.1541754e-01
   2.2089323e-01
   7.3631078e-02
   0.0000000e+00
   0.0000000e+00
   0.0000000e+00
   0.0000000e+00
   0.0000000e+00
   0.0000000e+00
   0.0000000e+00
   0.0000000e+00
   0.0000000e+00
   0.0000000e+00
   0.0000000e+00
   0.0000000e+00
   0.0000000e+00
   0.0000000e+00
   0.0000000e+00
   0.0000000e+00
   0.0000000e+00
   0.0000000e+00
   0.0000000e+00
   0.0000000e+00
   0.0000000e+00
   0.0000000e+00
   0.0000000e+00
  -3.1415927e-02
  -3.1415927e-02
  -3.1415927e-02
  -9.4247780e-02
  -9.4247780e-02
  -1.5707963e-01
  -1.5707963e-01
  -2.1991149e-01
  -2.8274334e-01
  -2.8274334e-01
  -3.4557519e-01
  -3.4557519e-01
  -4.0840704e-01
  -4.0840704e-01
  -4.7123890e-01
  -4.7123890e-01
  -5.3407075e-01
  -5.3407075e-01
  -5.9690260e-01
  -5.9690260e-01
  -6.5973446e-01
  -7.2256631e-01
  -7.2256631e-01
  -7.8539816e-01
  -7.8539816e-01
  -8.4823002e-01
  -8.4823002e-01
  -9.1106187e-01
  -9.1106187e-01
  -9.7389372e-01
  -1.0367256e+00
  -1.0367256e+00
  -1.0995574e+00
  -1.0995574e+00
  -1.1623893e+00
  -1.2252211e+00
  -1.2252211e+00
  -1.2880530e+00
  -1.2880530e+00
  -1.3508848e+00
  -1.4137167e+00
  -1.4137167e+00
  -1.4765485e+00
  -1.5393804e+00
  -1.5393804e+00
  -1.5707963e+00
  -1.5707963e+00
  -1.5707963e+00
  -1.5707963e+00
  -1.5707963e+00
  -1.5707963e+00
  -1.5707963e+00
  -1.5707963e+00
  -1.5707963e+00
  -1.5707963e+00
  -1.5707963e+00
  -1.5707963e+00
  -1.5707963e+00
  -1.5707963e+00
  -1.5707963e+00
  -1.5707963e+00
  -1.5707963e+00
  -1.5707963e+00
  -1.5707963e+00
  -1.5707963e+00
  -1.5707963e+00
  -1.5707963e+00
  -1.5707963e+00
  -1.5707963e+00
  -1.5707963e+00
  -1.5707963e+00
  -1.5707963e+00
  -1.5707963e+00
  -1.5707963e+00
  -1.5707963e+00
  -1.5707963e+00
  -1.5707963e+00
  -1.5948391e+00
  -1.5948391e+00
  -1.6429247e+00
  -1.6429247e+00
  -1.8411937e+00
  -1.8903637e+00
  -1.8903637e+00
  -1.9395493e+00
  -1.9395493e+00
  -1.9887509e+00
  -1.9887509e+00
  -2.0379688e+00
  -2.0379688e+00
  -2.0872035e+00
  -2.0872035e+00
  -2.1364552e+00
  -2.1364552e+00
  -2.1857243e+00
  -2.1857243e+00
  -2.2350113e+00
  -2.2843165e+00
  -2.2843165e+00
  -2.3336404e+00
  -2.3336404e+00
  -2.3829834e+00
  -2.3829834e+00
  -2.4323458e+00
  -2.4323458e+00
  -2.4817283e+00
  -2.5311312e+00
  -2.5311312e+00
  -2.5805550e+00
  -2.5805550e+00
  -2.6300003e+00
  -2.6300003e+00
  -2.6794674e+00
  -2.7289571e+00
  -2.7289571e+00
  -2.7784697e+00
  -2.7784697e+00
  -2.8280060e+00
  -2.8775663e+00
  -2.8775663e+00
  -2.9271515e+00
  -2.9271515e+00
  -2.9767620e+00
  -3.0263986e+00
  -3.0263986e+00
  -3.0760619e+00
  -3.1257525e+00
  -3.1257525e+00
  -3.1754712e+00
  -3.2252188e+00
  -3.2252188e+00
  -3.2749959e+00
  -3.2749959e+00
  -3.3248034e+00
  -3.3746421e+00
  -3.3746421e+00
  -3.4245128e+00
  -3.4744164e+00
  -3.4744164e+00
  -3.5243538e+00
  -3.5743260e+00
  -3.6243339e+00
  -3.6243339e+00
  -3.6743785e+00
  -3.7244610e+00
  -3.7244610e+00
  -3.7745822e+00
  -3.8247435e+00
  -3.8749459e+00
  -3.9251908e+00
  -3.9251908e+00
  -3.9754792e+00
  -4.0258127e+00
  -3.8548624e+00
  -3.8548624e+00
  -3.9029480e+00
  -3.9181307e+00
  -3.9181307e+00
  -3.9269908e+00
  -3.9269908e+00
  -3.9269908e+00
  -3.9269908e+00
  -3.9269908e+00
  -3.9269908e+00
  -3.9269908e+00
  -3.9269908e+00
  -3.9269908e+00
  -3.9269908e+00
  -3.9269908e+00
  -3.9269908e+00
  -3.9269908e+00
  -3.9269908e+00
  -3.9269908e+00
  -3.9269908e+00
  -3.9269908e+00
  -3.9269908e+00
  -3.9269908e+00
  -3.9269908e+00
  -3.9269908e+00
  -3.9269908e+00
  -3.9269908e+00
  -3.9269908e+00
  -3.9269908e+00
  -3.9269908e+00
  -3.9269908e+00
  -3.9269908e+00
  -3.9269908e+00
  -3.9269908e+00
  -3.9269908e+00
  -3.9269908e+00
  -3.9269908e+00
  -3.9269908e+00
  -3.9269908e+00
  -3.9269908e+00
  -3.9269908e+00
  -3.9269908e+00
  -3.9269908e+00
  -3.9269908e+00
  -3.9269908e+00
  -3.9269908e+00
  -3.9269908e+00
  -3.9269908e+00
  -3.9269908e+00
  -3.9269908e+00
  -3.9269908e+00
  -3.8363680e+00
  -3.8363680e+00
  -3.6551222e+00
  -3.6551222e+00
  -3.6551222e+00
  -3.4738765e+00
  -3.4738765e+00
  -3.4738765e+00
  -3.2926308e+00
  -3.2926308e+00
  -3.1113850e+00
  -3.1113850e+00
  -3.1113850e+00
  -2.9301393e+00
  -2.9301393e+00
  -2.7488936e+00
  -2.7488936e+00
  -2.5676478e+00
  -2.5676478e+00
  -2.5676478e+00
  -2.3864021e+00
  -2.3864021e+00
  -2.2051564e+00
  -2.2051564e+00
  -2.0239107e+00
  -2.0239107e+00
  -2.0239107e+00
  -1.8426649e+00
  -1.8426649e+00
  -1.6614192e+00
  -1.6614192e+00
  -1.6614192e+00
  -1.5707963e+00
  -1.5707963e+00
  -1.5707963e+00
  -1.5707963e+00
  -1.5707963e+00
  -1.5707963e+00
  -1.5707963e+00
  -1.5707963e+00
  -1.5707963e+00
  -1.5707963e+00
  -1.5707963e+00
  -1.5707963e+00
  -1.5707963e+00
  -1.5707963e+00
  -1.5707963e+00
  -1.5707963e+00
  -1.5707963e+00
  -1.5707963e+00
  -1.5707963e+00
  -1.5707963e+00
  -1.5707963e+00
  -1.5707963e+00
  -1.5707963e+00
  -1.5707963e+00
  -1.5707963e+00
  -1.5707963e+00
  -1.5707963e+00
  -1.5707963e+00
  -1.5707963e+00
  -1.5053465e+00
  -1.5053465e+00
  -1.3744468e+00
  -1.3744468e+00
  -1.3744468e+00
  -1.2435471e+00
  -1.2435471e+00
  -1.1126474e+00
  -1.1126474e+00
  -1.1126474e+00
  -9.8174770e-01
  -9.8174770e-01
  -9.8174770e-01
  -8.5084801e-01
  -8.5084801e-01
  -7.1994832e-01
  -7.1994832e-01
  -7.1994832e-01
  -5.8904862e-01
  -5.8904862e-01
  -5.8904862e-01
  -4.5814893e-01
  -4.5814893e-01
  -4.5814893e-01
  -4.5814893e-01
  -3.2724923e-01
  -3.2724923e-01
  -3.2724923e-01
  -3.2724923e-01
  -1.9634954e-01
  -1.9634954e-01
  -1.9634954e-01
  -1.9634954e-01
  -1.9634954e-01
  -1.9634954e-01
  -1.9634954e-01
  -6.5449847e-02
  -6.5449847e-02
  -6.5449847e-02
  -6.5449847e-02
  -6.5449847e-02
  -6.5449847e-02
  -6.5449847e-02
  -6.5449847e-02
  -6.5449847e-02
  -6.5449847e-02
  -8.3159806e-01
  -1.2011972e+00
  -1.7555959e+00
  -2.1251950e+00
  -2.4947942e+00
  -2.8643933e+00
  -3.1415927e+00
  -3.1415927e+00
  -3.1415927e+00
  -3.1415927e+00
  -3.1415927e+00
  -3.1415927e+00
  -3.1415927e+00
  -3.1415927e+00
  -3.1415927e+00
  -3.1415927e+00
  -3.0491929e+00
  -3.0491929e+00
  -3.0491929e+00
  -3.0491929e+00
  -2.8643933e+00
  -2.8643933e+00
  -2.8643933e+00
  -2.6795937e+00
  -2.6795937e+00
  -2.6795937e+00
  -2.4947942e+00
  -2.4947942e+00
  -2.3099946e+00
  -2.3099946e+00
  -2.1251950e+00
  -2.1251950e+00
  -1.9403955e+00
  -1.7555959e+00
  -1.7555959e+00
  -1.5707963e+00
  -1.5707963e+00
  -1.3859968e+00
  -1.3859968e+00
  -1.2011972e+00
  -1.2011972e+00
  -1.0163976e+00
  -1.0163976e+00
  -8.3159806e-01
  -8.3159806e-01
  -6.4679849e-01
  -6.4679849e-01
  -4.6199892e-01
  -4.6199892e-01
  -4.6199892e-01
  -2.7719935e-01
  -2.7719935e-01
  -9.2399784e-02
  -9.2399784e-02
  -9.2399784e-02
   0.0000000e+00
   0.0000000e+00
   0.0000000e+00
   0.0000000e+00
   0.0000000e+00
   0.0000000e+00
   0.0000000e+00
   0.0000000e+00
   0.0000000e+00
   0.0000000e+00
   0.0000000e+00
   0.0000000e+00
   0.0000000e+00
   0.0000000e+00
   0.0000000e+00
   0.0000000e+00
   0.0000000e+00
   0.0000000e+00
   0.0000000e+00
   0.0000000e+00
   0.0000000e+00
   0.0000000e+00
   0.0000000e+00
   0.0000000e+00
   0.0000000e+00
   0.0000000e+00
   0.0000000e+00
   0.0000000e+00
   0.0000000e+00
   0.0000000e+00
   0.0000000e+00
   0.0000000e+00
   0.0000000e+00
   0.0000000e+00
   0.0000000e+00
   0.0000000e+00
   0.0000000e+00
   0.0000000e+00
   0.0000000e+00
   0.0000000e+00
   0.0000000e+00
   0.0000000e+00
   0.0000000e+00
   9.8174770e-02
   9.8174770e-02
   9.8174770e-02
   9.8174770e-02
   2.9452431e-01
   2.9452431e-01
   2.9452431e-01
   2.9452431e-01
   4.9087385e-01
   4.9087385e-01
   4.9087385e-01
   4.9087385e-01
   6.8722339e-01
   6.8722339e-01
   6.8722339e-01
   6.8722339e-01
   8.8357293e-01
   8.8357293e-01
   8.8357293e-01
   8.8357293e-01
   8.8357293e-01
   1.0799225e+00
   1.0799225e+00
   1.0799225e+00
   1.0799225e+00
   1.2762720e+00
   1.2762720e+00
   1.2762720e+00
   1.4726216e+00
   1.4726216e+00
   1.3880263e+00
   0.0000000e+00
   0.0000000e+00
   0.0000000e+00
   0.0000000e+00
   0.0000000e+00
   0.0000000e+00
   0.0000000e+00
   0.0000000e+00
   0.0000000e+00
   0.0000000e+00
   0.0000000e+00
   0.0000000e+00
   0.0000000e+00
   0.0000000e+00
   0.0000000e+00
   0.0000000e+00
   0.0000000e+00
   0.0000000e+00
   0.0000000e+00
   0.0000000e+00
   0.0000000e+00
   2.3799944e-02
   2.3799944e-02
   2.3799944e-02
   7.1399833e-02
   7.1399833e-02
   1.1899972e-01
   1.1899972e-01
   1.6659961e-01
   1.6659961e-01
   2.1419950e-01
   2.1419950e-01
   2.1419950e-01
   2.6179939e-01
   2.6179939e-01
   3.0939928e-01
   3.0939928e-01
   3.5699917e-01
   3.5699917e-01
   4.0459905e-01
   4.0459905e-01
   4.5219894e-01
   4.5219894e-01
   4.5219894e-01
   4.9979883e-01
   4.9979883e-01
   5.4739872e-01
   5.4739872e-01
   5.9499861e-01
   5.9499861e-01
   6.4259850e-01
   6.4259850e-01
   6.9019839e-01
   6.9019839e-01
   6.9019839e-01
   7.3779827e-01
   7.3779827e-01
   7.8539816e-01
   7.8539816e-01
   8.3299805e-01
   8.3299805e-01
   8.8059794e-01
   8.8059794e-01
   8.8059794e-01
   9.2819783e-01
   9.2819783e-01
   9.7579772e-01
   9.7579772e-01
   1.0233976e+00
   1.0233976e+00
   1.0709975e+00
   1.0709975e+00
   1.1185974e+00
   1.1185974e+00
   1.1185974e+00
   1.1661973e+00
   1.1661973e+00
   1.2137972e+00
   1.2137972e+00
   1.2613971e+00
   1.2613971e+00
   1.3089969e+00
   1.3089969e+00
   1.3089969e+00
   1.3565968e+00
   1.3565968e+00
   1.4041967e+00
   1.4041967e+00
   1.4517966e+00
   1.4517966e+00
   1.4993965e+00
   1.4993965e+00
   1.4993965e+00
   1.5469964e+00
   1.5469964e+00
   1.5707963e+00
   1.5707963e+00
   1.5707963e+00
   1.5707963e+00
   1.5707963e+00
   1.5707963e+00
   1.5707963e+00
   1.5707963e+00
   1.5707963e+00
   1.5707963e+00
   1.5707963e+00
   1.5707963e+00
   1.5707963e+00
   1.5707963e+00
   1.5707963e+00
   1.5707963e+00
   1.5707963e+00
   1.5707963e+00
   1.5707963e+00
   1.5707963e+00
   1.5707963e+00
   1.5707963e+00
   1.5707963e+00
   1.5707963e+00
   1.5707963e+00
   1.5707963e+00
   1.5707963e+00
   1.5707963e+00
   1.5707963e+00
   1.5707963e+00
   1.5707963e+00
   1.5707963e+00
   1.5707963e+00
   1.5707963e+00
   1.5707963e+00
   1.5707963e+00
   1.5707963e+00
   1.5707963e+00
   1.5707963e+00
   1.5707963e+00
   1.5707963e+00
   1.5707963e+00
   1.5707963e+00
   1.5707963e+00
   1.5707963e+00
   1.5707963e+00
   1.5707963e+00
   1.5707963e+00
   1.5707963e+00
   1.5707963e+00
   1.5707963e+00
   1.5707963e+00
   1.5707963e+00
   1.5707963e+00
   1.5707963e+00
   1.5890614e+00
   1.5890614e+00
   1.6255915e+00
   1.6255915e+00
   1.6621217e+00
   1.6621217e+00
   1.6986518e+00
   1.6986518e+00
   1.6986518e+00
   1.7351820e+00
   1.7351820e+00
   1.7717121e+00
   1.7717121e+00
   1.8082423e+00
   1.8082423e+00
   1.8447724e+00
   1.8447724e+00
   1.8813026e+00
   1.8813026e+00
   1.8813026e+00
   1.9178327e+00
   1.9178327e+00
   1.9543629e+00
   1.9543629e+00
   1.9908930e+00
   1.9908930e+00
   2.0274232e+00
   2.0274232e+00
   2.0639533e+00
   2.0639533e+00
   2.0639533e+00
   2.1004835e+00
   2.1004835e+00
   2.1370136e+00
   2.1370136e+00
   2.1735438e+00
   2.1735438e+00
   2.2100739e+00
   2.2100739e+00
   2.2466040e+00
   2.2466040e+00
   2.2466040e+00
   2.2831342e+00
   2.2831342e+00
   2.3196643e+00
   2.3196643e+00
   2.3561945e+00
   2.3561945e+00
   2.3927246e+00
   2.3927246e+00
   2.4292548e+00
   2.4292548e+00
   2.4657849e+00
   2.4657849e+00
   2.4657849e+00
   2.5023151e+00
   2.5023151e+00
   2.5388452e+00
   2.5388452e+00
   2.5753754e+00
   2.5753754e+00
   2.6119055e+00
   2.6119055e+00
   2.6484357e+00
   2.6484357e+00
   2.6849658e+00
   2.6849658e+00
   2.7214960e+00
   2.7214960e+00
   2.7580261e+00
   2.7580261e+00
   2.7580261e+00
   2.7945563e+00
   2.7945563e+00
   2.8310864e+00
   2.8310864e+00
   2.8676166e+00
   2.8676166e+00
   2.9041467e+00
   2.9041467e+00
   2.9406768e+00
   2.9406768e+00
   2.9406768e+00
   2.9772070e+00
   2.9772070e+00
   3.0137371e+00
   3.0137371e+00
   3.0502673e+00
   3.0502673e+00
   3.0867974e+00
   3.0867974e+00
   3.0867974e+00
   3.1233276e+00
   3.1233276e+00
   3.1415927e+00
   3.1415927e+00
   3.1415927e+00
   3.1415927e+00
   3.1415927e+00
   3.1415927e+00
   3.1415927e+00
   3.1415927e+00
   3.1415927e+00
   3.1415927e+00
   3.1415927e+00
   3.1415927e+00
   3.1415927e+00
   3.1415927e+00
   3.1415927e+00
   3.1415927e+00
   3.1415927e+00
   3.1415927e+00
   3.1415927e+00
   3.1415927e+00
   3.1415927e+00
   3.1415927e+00
   3.1415927e+00
   3.1415927e+00
   3.1415927e+00
   3.1415927e+00
   3.1415927e+00
   3.1415927e+00
   3.1415927e+00
   3.1415927e+00
   3.1415927e+00
   3.1415927e+00
   3.1415927e+00
   3.1415927e+00
   3.1415927e+00
   3.1415927e+00
   3.1415927e+00
   3.1415927e+00
   3.1415927e+00
   3.1415927e+00
   3.1415927e+00
   3.1415927e+00
   3.1415927e+00
   3.1415927e+00
   3.1415927e+00
   3.1415927e+00
   3.1415927e+00
   3.1415927e+00
   3.1415927e+00
   3.1415927e+00
   3.1415927e+00
   3.1415927e+00
   3.1415927e+00
   3.1415927e+00
   3.1415927e+00
   3.1415927e+00
   3.1415927e+00
   3.1415927e+00
   3.1415927e+00
   3.1415927e+00
   3.1415927e+00
   3.1415927e+00
   3.1415927e+00
   3.1415927e+00
   3.1415927e+00
   3.1415927e+00
   3.1415927e+00
   3.1415927e+00
   3.1415927e+00
   3.1415927e+00
   3.1415927e+00
   3.1415927e+00
   3.1415927e+00
   3.1415927e+00
   3.1415927e+00
   3.2322155e+00
   3.2322155e+00
   3.2322155e+00
   3.4134612e+00
   3.4134612e+00
   3.5947070e+00
   3.5947070e+00
   3.5947070e+00
   3.7759527e+00
   3.7759527e+00
   3.7759527e+00
   3.9571984e+00
   3.9571984e+00
   4.1384442e+00
   4.1384442e+00
   4.3196899e+00
   4.3196899e+00
   4.3196899e+00
   4.5009356e+00
   4.5009356e+00
   4.6821814e+00
   4.6821814e+00
   4.8634271e+00
   4.8634271e+00
   5.0446728e+00
   5.0446728e+00
   5.2259185e+00
   5.2259185e+00
   5.4071643e+00
