  -7.8539816e-01
  -7.8539816e-01
  -7.8539816e-01
  -7.8539816e-01
  -7.8539816e-01
  -7.8539816e-01
  -7.8539816e-01
  -7.8539816e-01
  -7.8539816e-01
  -7.8539816e-01
  -7.8539816e-01
  -7.8539816e-01
  -7.8539816e-01
  -7.8539816e-01
  -7.8539816e-01
  -7.8539816e-01
  -7.8539816e-01
  -7.8539816e-01
  -7.8539816e-01
  -7.8539816e-01
  -7.8539816e-01
  -7.8539816e-01
  -7.8539816e-01
  -7.8539816e-01
  -7.8539816e-01
  -7.8539816e-01
  -7.8539816e-01
  -7.8539816e-01
  -7.8539816e-01
  -7.8539816e-01
  -7.8539816e-01
  -7.8539816e-01
  -7.8539816e-01
  -7.8539816e-01
  -7.8539816e-01
  -7.8539816e-01
  -7.8539816e-01
  -7.8539816e-01
  -7.8539816e-01
  -7.8539816e-01
  -7.8539816e-01
  -7.8539816e-01
  -7.8539816e-01
  -7.8539816e-01
  -7.8539816e-01
  -7.8539816e-01
  -7.8539816e-01
  -7.8539816e-01
  -7.8539816e-01
  -7.8539816e-01
  -7.8539816e-01
  -7.8539816e-01
  -7.8539816e-01
  -7.8539816e-01
  -7.8539816e-01
  -7.8539816e-01
  -7.8539816e-01
  -7.8539816e-01
  -7.8539816e-01
  -7.8539816e-01
  -7.8539816e-01
  -7.8539816e-01
  -7.8539816e-01
  -7.8539816e-01
  -7.8539816e-01
  -7.8539816e-01
  -7.8539816e-01
  -7.8539816e-01
  -7.8539816e-01
  -7.8539816e-01
  -7.8539816e-01
  -7.8539816e-01
  -7.8539816e-01
  -7.8539816e-01
  -7.8539816e-01
  -7.8539816e-01
  -7.8539816e-01
  -7.8539816e-01
  -7.8539816e-01
  -7.8539816e-01
  -7.8539816e-01
  -7.8539816e-01
  -7.8539816e-01
  -7.8539816e-01
  -7.8539816e-01
  -7.8539816e-01
  -7.8539816e-01
  -7.8539816e-01
  -7.8539816e-01
  -7.8539816e-01
  -7.8539816e-01
  -7.8539816e-01
  -7.8539816e-01
  -7.8539816e-01
  -7.8539816e-01
  -7.8539816e-01
  -7.8539816e-01
  -7.8539816e-01
  -7.8539816e-01
  -7.8539816e-01
  -7.8539816e-01
  -7.8539816e-01
  -7.8539816e-01
  -7.8539816e-01
  -7.8539816e-01
  -7.8539816e-01
  -7.8539816e-01
  -7.8539816e-01
  -7.8539816e-01
  -7.8539816e-01
  -7.8539816e-01
  -7.8539816e-01
  -7.8539816e-01
  -7.8539816e-01
  -7.8539816e-01
  -7.8539816e-01
  -7.8539816e-01
  -1.3859968e-01
   2.3099946e-01
   7.8539816e-01
   1.1549973e+00
   1.7093960e+00
   2.3561945e+00
   2.3561945e+00
   2.3561945e+00
   2.3561945e+00
   2.3561945e+00
   2.3561945e+00
   2.3561945e+00
   2.3561945e+00
   2.3561945e+00
   2.3561945e+00
   2.3561945e+00
   2.3561945e+00
   2.3561945e+00
   2.3561945e+00
   2.3561945e+00
   2.3561945e+00
   2.3561945e+00
   2.3561945e+00
   2.3561945e+00
   2.3561945e+00
   2.3561945e+00
   2.3561945e+00
   2.3561945e+00
   2.3561945e+00
   2.3561945e+00
   2.3561945e+00
   2.3561945e+00
   2.3561945e+00
   2.3561945e+00
   2.3561945e+00
   2.3561945e+00
   2.3561945e+00
   2.3561945e+00
   2.3561945e+00
   2.3561945e+00
   2.3561945e+00
   2.3561945e+00
   2.3561945e+00
   2.3561945e+00
   2.3561945e+00
   2.3561945e+00
   2.3561945e+00
   2.3561945e+00
   2.3561945e+00
   2.3561945e+00
   2.3561945e+00
   2.2825634e+00
   2.2825634e+00
   2.1353013e+00
   2.1353013e+00
   1.9880391e+00
   1.9880391e+00
   1.8407769e+00
   1.8407769e+00
   1.6935148e+00
   1.5462526e+00
   1.5462526e+00
   1.3989905e+00
   1.3989905e+00
   1.2517283e+00
   1.2517283e+00
   1.1044662e+00
   9.5720401e-01
   9.5720401e-01
   8.0994186e-01
   8.0994186e-01
   6.6267970e-01
   6.6267970e-01
   5.1541754e-01
   5.1541754e-01
   3.6815539e-01
   3.6815539e-01
   2.2089323e-01
   2.2089323e-01
   7.3631078e-02
   7.3631078e-02
   0.0000000e+00
   0.0000000e+00
   0.0000000e+00
   0.0000000e+00
   0.0000000e+00
   0.0000000e+00
   0.0000000e+00
   0.0000000e+00
   0.0000000e+00
  -3.1415927e-02
  -3.1415927e-02
  -9.4247780e-02
  -9.4247780e-02
  -1.5707963e-01
  -1.5707963e-01
  -2.1991149e-01
  -2.1991149e-01
  -2.8274334e-01
  -2.8274334e-01
  -3.4557519e-01
  -3.4557519e-01
  -4.0840704e-01
  -4.0840704e-01
  -4.7123890e-01
  -4.7123890e-01
  -5.3407075e-01
  -5.3407075e-01
  -5.9690260e-01
  -5.9690260e-01
  -6.5973446e-01
  -6.5973446e-01
  -6.5973446e-01
  -7.2256631e-01
  -7.2256631e-01
  -7.8539816e-01
  -7.8539816e-01
  -8.4823002e-01
  -8.4823002e-01
  -9.1106187e-01
  -9.1106187e-01
  -9.7389372e-01
  -9.7389372e-01
  -1.0367256e+00
  -1.0367256e+00
  -1.0995574e+00
  -1.0995574e+00
  -1.0995574e+00
  -1.1623893e+00
  -1.1623893e+00
  -1.2252211e+00
  -1.2252211e+00
  -1.2252211e+00
  -1.2880530e+00
  -1.2880530e+00
  -1.3508848e+00
  -1.3508848e+00
  -1.4137167e+00
  -1.4137167e+00
  -1.4137167e+00
  -1.4765485e+00
  -1.4765485e+00
  -1.5393804e+00
  -1.5393804e+00
  -1.5393804e+00
  -1.5707963e+00
  -1.5707963e+00
  -1.5707963e+00
  -1.5707963e+00
  -1.5707963e+00
  -1.5707963e+00
  -1.5707963e+00
  -1.5707963e+00
  -1.5707963e+00
  -1.5707963e+00
  -1.5707963e+00
  -1.5707963e+00
  -1.5707963e+00
  -1.5707963e+00
  -1.5707963e+00
  -1.5707963e+00
  -1.5707963e+00
  -1.5707963e+00
  -1.5707963e+00
  -1.5707963e+00
  -1.5707963e+00
  -1.5948391e+00
  -1.5948391e+00
  -1.6429247e+00
  -1.6429247e+00
  -1.7843629e+00
  -1.7843629e+00
  -1.8328683e+00
  -1.8328683e+00
  -1.8813775e+00
  -1.8813775e+00
  -1.9298905e+00
  -1.9298905e+00
  -1.9784074e+00
  -1.9784074e+00
  -2.0269282e+00
  -2.0269282e+00
  -2.0754530e+00
  -2.0754530e+00
  -2.1239819e+00
  -2.1239819e+00
  -2.1725149e+00
  -2.1725149e+00
  -2.2210520e+00
  -2.2210520e+00
  -2.2695933e+00
  -2.2695933e+00
  -2.3181390e+00
  -2.3666889e+00
  -2.3666889e+00
  -2.4152433e+00
  -2.4152433e+00
  -2.4638021e+00
  -2.4638021e+00
  -2.5123655e+00
  -2.5609334e+00
  -2.5609334e+00
  -2.6095060e+00
  -2.6095060e+00
  -2.6580833e+00
  -2.6580833e+00
  -2.7066654e+00
  -2.7552524e+00
  -2.7552524e+00
  -2.8038443e+00
  -2.8038443e+00
  -2.8524412e+00
  -2.9010432e+00
  -2.9010432e+00
  -2.9496503e+00
  -2.9496503e+00
  -2.9982627e+00
  -2.9982627e+00
  -3.0468804e+00
  -3.0955035e+00
  -3.0955035e+00
  -3.1441321e+00
  -3.1441321e+00
  -3.1927662e+00
  -3.2414060e+00
  -3.2414060e+00
  -3.2900515e+00
  -3.3387028e+00
  -3.3387028e+00
  -3.3873601e+00
  -3.3873601e+00
  -3.4360233e+00
  -3.4846927e+00
  -3.4846927e+00
  -3.5333682e+00
  -3.5820500e+00
  -3.5820500e+00
  -3.6307383e+00
  -3.6307383e+00
  -3.6794330e+00
  -3.7281344e+00
  -3.7281344e+00
  -3.7768424e+00
  -3.7768424e+00
  -3.8255573e+00
  -3.8742791e+00
  -3.8742791e+00
  -3.9230080e+00
  -3.9230080e+00
  -3.8548624e+00
  -3.9029480e+00
  -3.9029480e+00
  -3.9181307e+00
  -3.9269908e+00
  -3.9269908e+00
  -3.9269908e+00
  -3.9269908e+00
  -3.9269908e+00
  -3.9269908e+00
  -3.9269908e+00
  -3.9269908e+00
  -3.9269908e+00
  -3.9269908e+00
  -3.9269908e+00
  -3.9269908e+00
  -3.9269908e+00
  -3.9269908e+00
  -3.9269908e+00
  -3.9269908e+00
  -3.9269908e+00
  -3.9269908e+00
  -3.9269908e+00
  -3.9269908e+00
  -3.9269908e+00
  -3.9269908e+00
  -3.9269908e+00
  -3.9269908e+00
  -3.9269908e+00
  -3.9269908e+00
  -3.9269908e+00
  -3.9269908e+00
  -3.9269908e+00
  -3.9269908e+00
  -3.9269908e+00
  -3.9269908e+00
  -3.9269908e+00
  -3.9269908e+00
  -3.9269908e+00
  -3.9269908e+00
  -3.9269908e+00
  -3.9269908e+00
  -3.9269908e+00
  -3.9269908e+00
  -3.9269908e+00
  -3.9269908e+00
  -3.9269908e+00
  -3.9269908e+00
  -3.9269908e+00
  -3.9269908e+00
  -3.9269908e+00
  -3.9269908e+00
  -3.9269908e+00
  -3.9269908e+00
  -3.9269908e+00
  -3.9269908e+00
  -3.9269908e+00
  -3.9269908e+00
  -3.9269908e+00
  -3.9269908e+00
  -3.9269908e+00
  -3.9269908e+00
  -3.4738765e+00
  -2.9301393e+00
  -2.5676478e+00
  -2.0239107e+00
  -1.5707963e+00
  -1.5707963e+00
  -1.5707963e+00
  -1.5707963e+00
  -1.5707963e+00
  -1.5707963e+00
  -1.5707963e+00
  -1.5707963e+00
  -1.5707963e+00
  -1.5707963e+00
  -1.5707963e+00
  -1.5707963e+00
  -1.5707963e+00
  -1.5707963e+00
  -1.5707963e+00
  -1.5707963e+00
  -1.5707963e+00
  -1.5707963e+00
  -1.5707963e+00
  -1.5707963e+00
  -1.5707963e+00
  -1.5707963e+00
  -1.5707963e+00
  -1.5707963e+00
  -1.5707963e+00
  -1.5707963e+00
  -1.5707963e+00
  -1.5707963e+00
  -1.5707963e+00
  -1.5707963e+00
  -1.5707963e+00
  -1.5707963e+00
  -1.5707963e+00
  -1.5707963e+00
  -1.5707963e+00
  -1.5707963e+00
  -1.5707963e+00
  -1.5707963e+00
  -1.5707963e+00
  -1.5707963e+00
  -1.5707963e+00
  -1.5707963e+00
  -1.5707963e+00
  -1.5707963e+00
  -1.5707963e+00
  -1.5707963e+00
  -1.5707963e+00
  -1.5707963e+00
  -1.5707963e+00
  -1.5707963e+00
  -1.5707963e+00
  -1.5707963e+00
  -1.5707963e+00
  -1.5707963e+00
  -1.5707963e+00
  -1.5707963e+00
  -1.5707963e+00
  -1.5707963e+00
  -1.5053465e+00
  -1.3744468e+00
  -1.2435471e+00
  -9.8174770e-01
  -8.5084801e-01
  -7.1994832e-01
  -5.8904862e-01
  -4.5814893e-01
  -3.2724923e-01
  -6.5449847e-02
   0.0000000e+00
   0.0000000e+00
   0.0000000e+00
  -9.2399784e-02
  -9.2399784e-02
  -9.2399784e-02
  -2.7719935e-01
  -2.7719935e-01
  -2.7719935e-01
  -4.6199892e-01
  -4.6199892e-01
  -4.6199892e-01
  -6.4679849e-01
  -6.4679849e-01
  -8.3159806e-01
  -8.3159806e-01
  -1.0163976e+00
  -1.0163976e+00
  -1.2011972e+00
  -1.2011972e+00
  -1.3859968e+00
  -1.3859968e+00
  -1.5707963e+00
  -1.5707963e+00
  -1.7555959e+00
  -1.7555959e+00
  -1.9403955e+00
  -1.9403955e+00
  -2.1251950e+00
  -2.1251950e+00
  -2.3099946e+00
  -2.3099946e+00
  -2.4947942e+00
  -2.4947942e+00
  -2.6795937e+00
  -2.6795937e+00
  -2.6795937e+00
  -2.8643933e+00
  -2.8643933e+00
  -2.8643933e+00
  -3.0491929e+00
  -3.0491929e+00
  -3.0491929e+00
  -3.1415927e+00
  -3.1415927e+00
  -3.1415927e+00
  -3.1415927e+00
  -3.1415927e+00
  -3.1415927e+00
  -3.1415927e+00
  -3.1415927e+00
  -3.1415927e+00
  -3.1415927e+00
  -2.8643933e+00
  -2.4947942e+00
  -1.9403955e+00
  -1.5707963e+00
  -1.0163976e+00
  -1.0163976e+00
  -1.0163976e+00
  -1.0163976e+00
  -1.0163976e+00
  -1.0163976e+00
  -1.0163976e+00
   0.0000000e+00
   0.0000000e+00
   0.0000000e+00
   0.0000000e+00
   0.0000000e+00
   0.0000000e+00
   0.0000000e+00
   0.0000000e+00
   0.0000000e+00
   0.0000000e+00
   0.0000000e+00
   0.0000000e+00
   0.0000000e+00
   0.0000000e+00
   0.0000000e+00
   0.0000000e+00
   0.0000000e+00
   0.0000000e+00
   0.0000000e+00
   0.0000000e+00
   0.0000000e+00
   0.0000000e+00
   0.0000000e+00
   0.0000000e+00
   0.0000000e+00
   0.0000000e+00
   0.0000000e+00
   0.0000000e+00
   0.0000000e+00
   0.0000000e+00
   0.0000000e+00
   0.0000000e+00
   0.0000000e+00
   0.0000000e+00
   0.0000000e+00
   0.0000000e+00
   0.0000000e+00
   0.0000000e+00
   0.0000000e+00
   0.0000000e+00
   0.0000000e+00
   0.0000000e+00
   0.0000000e+00
   0.0000000e+00
   0.0000000e+00
   0.0000000e+00
   0.0000000e+00
   0.0000000e+00
   0.0000000e+00
   0.0000000e+00
   0.0000000e+00
   0.0000000e+00
   0.0000000e+00
   0.0000000e+00
   0.0000000e+00
   0.0000000e+00
   0.0000000e+00
   0.0000000e+00
   0.0000000e+00
   0.0000000e+00
   0.0000000e+00
   0.0000000e+00
   0.0000000e+00
   0.0000000e+00
   0.0000000e+00
   0.0000000e+00
   0.0000000e+00
   6.8722339e-01
   1.4712129e+00
   1.4712129e+00
   1.2762720e+00
   1.2762720e+00
   1.2762720e+00
   1.0799225e+00
   1.0799225e+00
   1.0799225e+00
   1.0799225e+00
   8.8357293e-01
   8.8357293e-01
   8.8357293e-01
   6.8722339e-01
   6.8722339e-01
   6.8722339e-01
   6.8722339e-01
   4.9087385e-01
   4.9087385e-01
   4.9087385e-01
   2.9452431e-01
   2.9452431e-01
   2.9452431e-01
   2.9452431e-01
   9.8174770e-02
   9.8174770e-02
   9.8174770e-02
   9.8174770e-02
   0.0000000e+00
   0.0000000e+00
   0.0000000e+00
   0.0000000e+00
   0.0000000e+00
   0.0000000e+00
   0.0000000e+00
   0.0000000e+00
   0.0000000e+00
   0.0000000e+00
   0.0000000e+00
   0.0000000e+00
   0.0000000e+00
   0.0000000e+00
   0.0000000e+00
   0.0000000e+00
   0.0000000e+00
   0.0000000e+00
   0.0000000e+00
   0.0000000e+00
   0.0000000e+00
   2.3799944e-02
   2.3799944e-02
   7.1399833e-02
   7.1399833e-02
   1.1899972e-01
   1.1899972e-01
   1.6659961e-01
   2.1419950e-01
   2.1419950e-01
   2.6179939e-01
   2.6179939e-01
   3.0939928e-01
   3.0939928e-01
   3.5699917e-01
   3.5699917e-01
   4.0459905e-01
   4.5219894e-01
   4.5219894e-01
   4.9979883e-01
   4.9979883e-01
   5.4739872e-01
   5.4739872e-01
   5.9499861e-01
   6.4259850e-01
   6.4259850e-01
   6.9019839e-01
   6.9019839e-01
   7.3779827e-01
   7.3779827e-01
   7.8539816e-01
   8.3299805e-01
   8.3299805e-01
   8.8059794e-01
   8.8059794e-01
   9.2819783e-01
   9.2819783e-01
   9.7579772e-01
   9.7579772e-01
   1.0233976e+00
   1.0709975e+00
   1.0709975e+00
   1.1185974e+00
   1.1185974e+00
   1.1661973e+00
   1.1661973e+00
   1.2137972e+00
   1.2613971e+00
   1.2613971e+00
   1.3089969e+00
   1.3089969e+00
   1.3565968e+00
   1.3565968e+00
   1.4041967e+00
   1.4041967e+00
   1.4517966e+00
   1.4993965e+00
   1.4993965e+00
   1.5469964e+00
   1.5469964e+00
   1.5707963e+00
   1.5707963e+00
   1.5707963e+00
   1.5707963e+00
   1.5707963e+00
   1.5707963e+00
   1.5707963e+00
   1.5707963e+00
   1.5707963e+00
   1.5707963e+00
   1.5707963e+00
   1.5707963e+00
   1.5707963e+00
   1.5707963e+00
   1.5707963e+00
   1.5707963e+00
   1.5707963e+00
   1.5707963e+00
   1.5707963e+00
   1.5707963e+00
   1.5707963e+00
   1.5707963e+00
   1.5707963e+00
   1.5707963e+00
   1.5707963e+00
   1.5707963e+00
   1.5707963e+00
   1.5707963e+00
   1.5707963e+00
   1.5707963e+00
   1.5707963e+00
   1.5707963e+00
   1.5707963e+00
   1.5707963e+00
   1.5707963e+00
   1.5707963e+00
   1.5707963e+00
   1.5707963e+00
   1.5707963e+00
   1.5707963e+00
   1.5707963e+00
   1.5707963e+00
   1.5707963e+00
   1.5707963e+00
   1.5707963e+00
   1.5707963e+00
   1.5707963e+00
   1.5707963e+00
   1.5707963e+00
   1.5707963e+00
   1.5707963e+00
   1.5707963e+00
   1.5707963e+00
   1.5707963e+00
   1.5707963e+00
   1.5707963e+00
   1.5707963e+00
   1.5707963e+00
   1.5707963e+00
   1.5707963e+00
   1.5707963e+00
   1.5707963e+00
   1.5707963e+00
   1.5707963e+00
   1.5707963e+00
   1.5707963e+00
   1.5707963e+00
   1.5707963e+00
   1.5707963e+00
   1.5890614e+00
   1.5890614e+00
   1.6255915e+00
   1.6255915e+00
   1.6621217e+00
   1.6621217e+00
   1.6986518e+00
   1.6986518e+00
   1.7351820e+00
   1.7351820e+00
   1.7717121e+00
   1.7717121e+00
   1.8082423e+00
   1.8082423e+00
   1.8447724e+00
   1.8813026e+00
   1.8813026e+00
   1.9178327e+00
   1.9178327e+00
   1.9543629e+00
   1.9543629e+00
   1.9908930e+00
   1.9908930e+00
   2.0274232e+00
   2.0274232e+00
   2.0639533e+00
   2.0639533e+00
   2.1004835e+00
   2.1004835e+00
   2.1370136e+00
   2.1370136e+00
   2.1735438e+00
   2.1735438e+00
   2.2100739e+00
   2.2100739e+00
   2.2466040e+00
   2.2831342e+00
   2.2831342e+00
   2.3196643e+00
   2.3196643e+00
   2.3561945e+00
   2.3561945e+00
   2.3927246e+00
   2.3927246e+00
   2.4292548e+00
   2.4292548e+00
   2.4657849e+00
   2.4657849e+00
   2.5023151e+00
   2.5023151e+00
   2.5388452e+00
   2.5388452e+00
   2.5753754e+00
   2.5753754e+00
   2.6119055e+00
   2.6119055e+00
   2.6484357e+00
   2.6484357e+00
   2.6849658e+00
   2.6849658e+00
   2.7214960e+00
   2.7214960e+00
   2.7580261e+00
   2.7580261e+00
   2.7945563e+00
   2.8310864e+00
   2.8310864e+00
   2.8676166e+00
   2.8676166e+00
   2.9041467e+00
   2.9041467e+00
   2.9406768e+00
   2.9406768e+00
   2.9772070e+00
   2.9772070e+00
   3.0137371e+00
   3.0137371e+00
   3.0502673e+00
   3.0502673e+00
   3.0867974e+00
   3.0867974e+00
   3.1233276e+00
   3.1233276e+00
   3.1415927e+00
   3.1415927e+00
   3.1415927e+00
   3.1415927e+00
   3.1415927e+00
   3.1415927e+00
   3.1415927e+00
   3.1415927e+00
   3.1415927e+00
   3.1415927e+00
   3.1415927e+00
   3.1415927e+00
   3.1415927e+00
   3.1415927e+00
   3.1415927e+00
   3.1415927e+00
   3.1415927e+00
   3.1415927e+00
   3.1415927e+00
   3.1415927e+00
   3.1415927e+00
   3.1415927e+00
   3.1415927e+00
   3.1415927e+00
   3.1415927e+00
   3.1415927e+00
   3.1415927e+00
   3.1415927e+00
   3.1415927e+00
   3.1415927e+00
   3.1415927e+00
   3.1415927e+00
   3.1415927e+00
   3.1415927e+00
   3.1415927e+00
   3.1415927e+00
   3.1415927e+00
   3.1415927e+00
   3.1415927e+00
   3.1415927e+00
   3.1415927e+00
   3.1415927e+00
   3.1415927e+00
   3.1415927e+00
   3.1415927e+00
   3.1415927e+00
   3.1415927e+00
   3.1415927e+00
   3.1415927e+00
   3.1415927e+00
   3.1415927e+00
   3.1415927e+00
   3.1415927e+00
   3.1415927e+00
   3.1415927e+00
   3.1415927e+00
   3.1415927e+00
   3.1415927e+00
   3.1415927e+00
   3.1415927e+00
   3.1415927e+00
   3.1415927e+00
   3.1415927e+00
   3.1415927e+00
   3.1415927e+00
   3.1415927e+00
   3.1415927e+00
   3.1415927e+00
   3.1415927e+00
   3.1415927e+00
   3.1415927e+00
   3.1415927e+00
   3.1415927e+00
   3.1415927e+00
   3.1415927e+00
   3.1415927e+00
   3.1415927e+00
   3.1415927e+00
   3.1415927e+00
   3.1415927e+00
   3.1415927e+00
   3.1415927e+00
   3.1415927e+00
   3.1415927e+00
   3.1415927e+00
   3.1415927e+00
   3.1415927e+00
   3.1415927e+00
   3.1415927e+00
   3.1415927e+00
   3.1415927e+00
   3.1415927e+00
   3.1415927e+00
   3.1415927e+00
   3.7759527e+00
   4.3196899e+00
   4.8634271e+00
   5.4977871e+00
   5.4977871e+00
   5.4977871e+00
   5.4977871e+00
   5.4977871e+00
   5.4977871e+00
   5.4977871e+00
   5.4977871e+00
   5.4977871e+00
   5.4977871e+00
   5.4977871e+00
   5.4977871e+00
