   2.0366025e-01
   2.1072321e-01
   2.1706656e-01
   2.2278847e-01
   2.2797279e-01
   2.3269050e-01
   2.3700117e-01
   2.4095428e-01
   2.4459047e-01
   2.4794278e-01
   2.5103773e-01
   2.5389633e-01
   2.5653509e-01
   2.5896679e-01
   2.6120128e-01
   2.6324618e-01
   2.6510740e-01
   2.6678976e-01
   2.6829730e-01
   2.6963376e-01
   2.7080282e-01
   2.7180839e-01
   2.7265479e-01
   2.7334689e-01
   2.7389031e-01
   2.7429141e-01
   2.7455744e-01
   2.7469652e-01
   2.7471769e-01
   2.7463092e-01
   2.7444712e-01
   2.7417810e-01
   2.7383655e-01
   2.7343607e-01
   2.7299110e-01
   2.7251692e-01
   2.7202964e-01
   2.7154715e-01
   2.7107746e-01
   2.7062170e-01
   2.7018100e-01
   2.6975649e-01
   2.6934928e-01
   2.6896053e-01
   2.6859137e-01
   2.6824293e-01
   2.6791637e-01
   2.6761283e-01
   2.6733346e-01
   2.6707943e-01
   2.6685187e-01
   2.6665197e-01
   2.6648088e-01
   2.6633978e-01
   2.6622983e-01
   2.6615222e-01
   2.6610812e-01
   2.6609873e-01
   2.6612524e-01
   2.6618883e-01
   2.6629071e-01
   2.6643209e-01
   2.6661417e-01
   2.6683818e-01
   2.6710533e-01
   2.6741685e-01
   2.6777398e-01
   2.6817796e-01
   2.6863004e-01
   2.6913146e-01
   2.6968351e-01
   2.7028713e-01
   2.7092684e-01
   2.7157586e-01
   2.7221105e-01
   2.7281086e-01
   2.7335528e-01
   2.7382588e-01
   2.7420580e-01
   2.7447973e-01
   2.7463384e-01
   2.7465567e-01
   2.7453405e-01
   2.7425891e-01
   2.7382104e-01
   2.7321188e-01
   2.7242316e-01
   2.7144659e-01
   2.7027341e-01
   2.6889629e-01
   2.6731499e-01
   2.6553058e-01
   2.6354646e-01
   2.6136865e-01
   2.5900598e-01
   2.5647022e-01
   2.5377617e-01
   2.5094163e-01
   2.4798718e-01
   2.4493573e-01
   2.4181164e-01
   2.3863934e-01
   2.3544112e-01
   2.3223382e-01
   2.2902394e-01
   2.2580054e-01
   2.2252493e-01
   2.1911122e-01
   2.1509515e-01
   2.1017089e-01
   2.0423230e-01
   1.9711069e-01
   1.8851645e-01
   1.7791967e-01
   1.6427751e-01
   1.4531496e-01
   1.1517864e-01
   8.3823895e-02
   7.5938901e-02
   7.3143351e-02
   7.4120430e-02
   7.9451879e-02
   9.7071372e-02
   1.2760219e-01
   1.4820734e-01
   1.6330550e-01
   1.7486404e-01
   1.8387928e-01
   1.9090740e-01
   1.9628846e-01
   2.0025315e-01
   2.0312645e-01
   2.0564824e-01
   2.0802818e-01
   2.1035196e-01
   2.1265656e-01
   2.1494710e-01
   2.1720876e-01
   2.1941527e-01
   2.2153472e-01
   2.2353357e-01
   2.2537931e-01
   2.2704212e-01
   2.2849580e-01
   2.2971832e-01
   2.3069196e-01
   2.3140323e-01
   2.3184278e-01
   2.3200508e-01
   2.3188820e-01
   2.3148689e-01
   2.3080118e-01
   2.2984878e-01
   2.2865896e-01
   2.2727285e-01
   2.2574343e-01
   2.2413529e-01
   2.2252435e-01
   2.2099766e-01
   2.1965338e-01
   2.1860109e-01
   2.1796242e-01
   2.1787222e-01
   2.1848015e-01
   2.1995285e-01
   2.2247660e-01
   2.2626033e-01
   2.3151910e-01
   2.3645087e-01
   2.4270960e-01
   2.4737882e-01
   2.5261417e-01
   2.5651748e-01
   2.6089594e-01
   2.6380690e-01
   2.6756426e-01
   2.6926727e-01
   2.7225962e-01
   2.7300295e-01
   2.7437650e-01
   2.7511902e-01
   2.7470399e-01
   2.7508767e-01
   2.7286917e-01
   2.7188278e-01
   2.6854007e-01
   2.6600983e-01
   2.6162309e-01
   2.5766768e-01
   2.5219481e-01
   2.4694777e-01
   2.4050074e-01
   2.3427796e-01
   2.2725048e-01
   2.2059291e-01
   2.1308319e-01
   2.0641588e-01
   1.9840823e-01
   1.9216049e-01
   1.8559722e-01
   1.8058357e-01
   1.7696229e-01
   1.7460701e-01
   1.7341671e-01
   1.7331132e-01
   1.7422802e-01
   1.7611832e-01
   1.7868932e-01
   1.8168184e-01
   1.8510600e-01
   1.8833646e-01
   1.9200934e-01
   1.9536592e-01
   1.9918167e-01
   2.0257197e-01
   2.0644256e-01
   2.0979349e-01
   2.1364960e-01
   2.1690745e-01
   2.2069877e-01
   2.2382938e-01
   2.2752455e-01
   2.3051377e-01
   2.3410005e-01
   2.3695452e-01
   2.4043522e-01
   2.4315186e-01
   2.4649292e-01
   2.4901783e-01
   2.5216453e-01
   2.5448487e-01
   2.5735176e-01
   2.5947919e-01
   2.6200793e-01
   2.6392308e-01
   2.6605401e-01
   2.6773973e-01
   2.6941418e-01
   2.7085708e-01
   2.7201901e-01
   2.7321041e-01
   2.7380751e-01
   2.7474403e-01
   2.7472821e-01
   2.7503763e-01
   2.7473940e-01
   2.7436071e-01
   2.7380889e-01
   2.7270555e-01
   2.7184769e-01
   2.7005207e-01
   2.6841034e-01
   2.6635702e-01
   2.6387797e-01
   2.6153356e-01
   2.5822224e-01
   2.5513446e-01
   2.5144826e-01
   2.4756173e-01
   2.4357198e-01
   2.3890631e-01
   2.3451666e-01
   2.2980982e-01
   2.2534738e-01
   2.2118832e-01
   2.1733984e-01
   2.1380931e-01
   2.1060428e-01
   2.0773256e-01
   2.0520226e-01
   2.0302189e-01
   2.0120042e-01
   1.9974735e-01
   1.9867282e-01
   1.9798772e-01
   1.9770377e-01
   1.9783366e-01
   1.9839117e-01
   1.9939133e-01
   2.0085052e-01
   2.0278667e-01
   2.0521942e-01
   2.0817031e-01
   2.1148466e-01
   2.1501088e-01
   2.1878521e-01
   2.2238674e-01
   2.2558325e-01
   2.2714306e-01
   2.2892645e-01
   2.3047444e-01
   2.3224505e-01
   2.3376715e-01
   2.3549703e-01
   2.3698358e-01
   2.3864846e-01
   2.4009425e-01
   2.4167354e-01
   2.4307789e-01
   2.4455472e-01
   2.4592147e-01
   2.4728265e-01
   2.4862028e-01
   2.4985621e-01
   2.5117783e-01
   2.5228239e-01
   2.5360582e-01
   2.5457627e-01
   2.5592410e-01
   2.5676088e-01
   2.5799388e-01
   2.5886703e-01
   2.5996350e-01
   2.6093303e-01
   2.6189998e-01
   2.6300441e-01
   2.6385077e-01
   2.6505944e-01
   2.6582961e-01
   2.6688533e-01
   2.6779556e-01
   2.6867701e-01
   2.6971055e-01
   2.7039786e-01
   2.7139420e-01
   2.7201602e-01
   2.7278786e-01
   2.7350483e-01
   2.7403667e-01
   2.7484277e-01
   2.7512160e-01
   2.7566372e-01
   2.7602942e-01
   2.7629730e-01
   2.7675282e-01
   2.7673846e-01
   2.7695873e-01
   2.7698811e-01
   2.7691234e-01
   2.7705298e-01
   2.7667846e-01
   2.7651366e-01
   2.7627157e-01
   2.7580074e-01
   2.7552396e-01
   2.7493632e-01
   2.7435045e-01
   2.7393152e-01
   2.7301890e-01
   2.7227220e-01
   2.7143672e-01
   2.7030855e-01
   2.6932191e-01
   2.6796086e-01
   2.6654088e-01
   2.6514016e-01
   2.6325387e-01
   2.6147224e-01
   2.5938206e-01
   2.5709111e-01
   2.5485461e-01
   2.5202879e-01
   2.4927797e-01
   2.4622604e-01
   2.4290824e-01
   2.3963204e-01
   2.3816462e-01
   2.3679969e-01
   2.3508773e-01
   2.3354303e-01
   2.3221517e-01
   2.3104408e-01
   2.3020178e-01
   2.2968030e-01
   2.2946186e-01
   2.2951408e-01
   2.2980486e-01
   2.3030319e-01
   2.3097910e-01
   2.3180360e-01
   2.3274865e-01
   2.3378716e-01
   2.3489301e-01
   2.3604107e-01
   2.3720724e-01
   2.3836848e-01
   2.3950291e-01
   2.4058985e-01
   2.4160986e-01
   2.4254483e-01
   2.4337800e-01
   2.4409401e-01
   2.4467892e-01
   2.4512019e-01
   2.4540666e-01
   2.4552849e-01
   2.4547702e-01
   2.4524467e-01
   2.4482469e-01
   2.4421093e-01
   2.4339751e-01
   2.4237844e-01
   2.4114717e-01
   2.3969604e-01
   2.3801575e-01
   2.3609466e-01
   2.3391809e-01
   2.3146757e-01
   2.2870882e-01
   2.2557337e-01
   2.2204892e-01
   2.1813051e-01
   2.1381337e-01
   2.0909249e-01
   2.0396209e-01
   1.9841511e-01
   1.9244249e-01
   1.8603230e-01
   1.7916873e-01
   1.7183063e-01
   1.6398968e-01
   1.5560796e-01
   1.4663455e-01
   1.3700095e-01
   1.2661460e-01
   1.1534968e-01
   1.0303367e-01
   8.9427479e-02
   7.7451879e-02
   7.3748319e-02
   7.5754743e-02
   8.4170955e-02
   1.1000070e-01
   1.3272733e-01
   1.4890037e-01
   1.6065896e-01
   1.6995167e-01
   1.7794147e-01
   1.8506116e-01
   1.9157712e-01
   1.9765500e-01
   2.0339736e-01
   2.0886633e-01
   2.1409774e-01
   2.1911011e-01
   2.2391071e-01
   2.2849948e-01
   2.3287177e-01
   2.3702016e-01
   2.4093573e-01
   2.4460899e-01
   2.4803040e-01
   2.5119089e-01
   2.5408207e-01
   2.5669654e-01
   2.5902794e-01
   2.6107117e-01
   2.6282243e-01
   2.6427931e-01
   2.6544092e-01
   2.6630794e-01
   2.6688270e-01
   2.6716937e-01
   2.6717397e-01
   2.6690460e-01
   2.6637153e-01
   2.6558741e-01
   2.6456740e-01
   2.6332941e-01
   2.6189424e-01
   2.6028583e-01
   2.5853134e-01
   2.5658344e-01
   2.5433014e-01
   2.5172682e-01
   2.4872140e-01
   2.4525514e-01
   2.4126375e-01
   2.3667877e-01
   2.3142884e-01
   2.2544114e-01
   2.1864275e-01
   2.1096204e-01
   2.0232998e-01
   1.9268149e-01
   1.8195667e-01
   1.7010198e-01
   1.5707143e-01
   1.4282759e-01
   1.2734265e-01
   1.1101531e-01
   9.7191906e-02
   8.6762745e-02
   7.9525516e-02
   7.4650661e-02
   7.1981666e-02
   7.1478511e-02
   7.3185539e-02
   7.7240300e-02
   8.4269241e-02
   9.4418635e-02
   1.0567909e-01
   1.1725868e-01
   1.2867705e-01
   1.3900432e-01
   1.5005865e-01
   1.6137669e-01
   1.6967395e-01
   1.7906962e-01
   1.8880815e-01
   1.9610765e-01
   2.0504852e-01
   2.1284628e-01
   2.2036877e-01
   2.2889541e-01
   2.3535506e-01
   2.4376284e-01
   2.4920367e-01
   2.5644610e-01
   2.6042161e-01
   2.6621019e-01
   2.6868138e-01
   2.7281795e-01
   2.7392685e-01
   2.7615076e-01
   2.7625541e-01
   2.7628589e-01
   2.7598337e-01
   2.7378785e-01
   2.7291992e-01
   2.6894733e-01
   2.6674098e-01
   2.6173384e-01
   2.5764278e-01
   2.5247715e-01
   2.4615968e-01
   2.4104341e-01
   2.3294784e-01
   2.2517127e-01
   2.1821398e-01
   2.0818101e-01
   1.9852019e-01
   1.8958276e-01
   1.8026261e-01
   1.7043858e-01
   1.6101741e-01
   1.5188344e-01
   1.4292688e-01
   1.3402766e-01
   1.2503031e-01
   1.1570181e-01
   1.0565643e-01
   9.4214899e-02
   8.1989471e-02
   7.5512556e-02
   7.3031609e-02
   7.4303651e-02
   8.0481703e-02
   3.0000000e-01
   3.0000000e-01
   3.0000000e-01
   3.0000000e-01
   3.0000000e-01
   3.0000000e-01
   2.7570471e-01
   2.5790032e-01
   2.4703345e-01
   2.4039632e-01
   2.3659788e-01
   2.3481447e-01
   2.3450438e-01
   2.3528331e-01
   2.3686398e-01
   2.3902405e-01
   2.4158755e-01
   2.4441324e-01
   2.4738678e-01
   2.5041516e-01
   2.5342258e-01
   2.5634728e-01
   2.5913913e-01
   2.6175769e-01
   2.6417073e-01
   2.6635059e-01
   2.6826000e-01
   2.6990492e-01
   2.7129809e-01
   2.7244862e-01
   2.7336245e-01
   2.7404280e-01
   2.7449061e-01
   2.7470492e-01
   2.7468325e-01
   2.7442194e-01
   2.7391640e-01
   2.7316148e-01
   2.7215161e-01
   2.7088108e-01
   2.6934420e-01
   2.6753548e-01
   2.6544973e-01
   2.6308221e-01
   2.6042874e-01
   2.5748573e-01
   2.5425026e-01
   2.5072018e-01
   2.4689409e-01
   2.4277136e-01
   2.3835223e-01
   2.3363773e-01
   2.2862973e-01
   2.2333094e-01
   2.1774491e-01
   2.1187599e-01
   2.0572934e-01
   1.9931093e-01
   1.9262750e-01
   1.8568656e-01
   1.7849634e-01
   1.7106368e-01
   1.6337766e-01
   1.5544499e-01
   1.4727951e-01
   1.3889678e-01
   1.3031404e-01
   1.2155013e-01
   1.1262537e-01
   1.0356144e-01
   9.4381194e-02
   8.5108545e-02
   7.5768238e-02
   6.9509840e-02
   8.7387617e-02
   1.1055209e-01
   1.3314498e-01
   1.4910040e-01
   1.6531573e-01
   1.8134442e-01
   1.9261045e-01
   2.0416005e-01
   2.1603430e-01
   2.2488601e-01
   2.3279568e-01
   2.4101934e-01
   2.4869541e-01
   2.5341299e-01
   2.5843450e-01
   2.6378876e-01
   2.6675331e-01
   2.6872968e-01
   2.7099653e-01
   2.7285500e-01
   2.7172385e-01
   2.7083519e-01
   2.7016445e-01
   2.6770458e-01
   2.6367842e-01
   2.5985967e-01
   2.5622420e-01
   2.5129654e-01
   2.4612581e-01
   2.4110207e-01
   2.3620358e-01
   2.3140978e-01
   2.2670112e-01
   2.2205890e-01
   2.1746519e-01
   2.1290272e-01
   2.0835474e-01
   2.0380495e-01
   1.9923740e-01
   1.9463634e-01
   1.8998617e-01
   1.8527129e-01
   1.8047597e-01
   1.7558425e-01
   1.7057973e-01
   1.6544545e-01
   1.6016367e-01
   1.5471565e-01
   1.4915458e-01
   1.4368685e-01
   1.3827658e-01
   1.3307922e-01
   1.2811935e-01
   1.2320329e-01
   1.1870424e-01
   1.1414007e-01
   1.1005093e-01
   1.0596206e-01
   1.0217735e-01
   9.8571722e-02
   9.5099686e-02
   9.1984314e-02
   8.8832389e-02
   8.6213388e-02
   8.3553911e-02
   8.1270818e-02
   7.9115676e-02
   7.7166830e-02
   7.5520110e-02
   7.3910032e-02
   7.2775061e-02
   7.1610219e-02
   7.0886819e-02
   7.0237476e-02
   6.9860134e-02
   6.9727878e-02
   6.9698236e-02
   7.0083965e-02
   7.0442485e-02
   7.1306762e-02
   7.2183218e-02
   7.3395765e-02
   7.4789375e-02
   7.6348917e-02
   7.8258174e-02
   8.0162569e-02
   8.2585213e-02
   8.4973683e-02
   8.7764406e-02
   9.0661007e-02
   9.3787916e-02
   9.7188313e-02
   1.0064607e-01
   1.0454497e-01
   1.0839370e-01
   1.1271832e-01
   1.1705485e-01
   1.2169361e-01
   1.2650984e-01
   1.3145380e-01
   1.3674035e-01
   1.4197952e-01
   1.4772557e-01
   1.5338591e-01
   1.5944210e-01
   1.6554116e-01
   1.7186376e-01
   1.7814956e-01
   1.8432887e-01
   1.9025036e-01
   1.9592587e-01
   2.0136337e-01
   2.0657032e-01
   2.1155367e-01
   2.1631989e-01
   2.2087504e-01
   2.2522473e-01
   2.2937420e-01
   2.3332832e-01
   2.3709163e-01
   2.4066831e-01
   2.4406227e-01
   2.4727711e-01
   2.5031618e-01
   2.5318256e-01
   2.5587910e-01
   2.5840842e-01
   2.6077292e-01
   2.6297482e-01
   2.6501613e-01
   2.6689869e-01
   2.6862417e-01
   2.7019409e-01
   2.7160980e-01
   2.7287253e-01
   2.7398336e-01
   2.7494323e-01
   2.7575299e-01
   2.7641335e-01
   2.7692491e-01
   2.7728817e-01
   2.7750353e-01
   2.7757128e-01
   2.7749165e-01
   2.7726474e-01
   2.7689058e-01
   2.7636912e-01
   2.7570022e-01
   2.7488366e-01
   2.7391915e-01
   2.7280632e-01
   2.7154471e-01
   2.7013381e-01
   2.6857302e-01
   2.6686166e-01
   2.6499898e-01
   2.6298416e-01
   2.6081631e-01
   2.5849444e-01
   2.5601751e-01
   2.5338438e-01
   2.5059383e-01
   2.4764457e-01
   2.4453521e-01
   2.4126428e-01
   2.3783021e-01
   2.3423134e-01
   2.3046591e-01
   2.2653204e-01
   2.2242778e-01
   2.1815102e-01
   2.1369956e-01
   2.0907107e-01
   2.0426309e-01
   1.9927301e-01
   1.9409809e-01
   1.8878777e-01
   1.8353955e-01
   1.7827115e-01
   1.7325289e-01
   1.6828055e-01
   1.6349461e-01
   1.5881993e-01
   1.5426810e-01
   1.4989192e-01
   1.4557541e-01
   1.4149791e-01
   1.3741740e-01
   1.3363814e-01
   1.2979380e-01
   1.2631172e-01
   1.2271575e-01
   1.1951674e-01
   1.1621577e-01
   1.1325029e-01
   1.1024190e-01
   1.0750853e-01
   1.0478985e-01
   1.0228674e-01
   9.9854435e-02
   9.7579359e-02
   9.5429693e-02
   9.3380045e-02
   9.1508881e-02
   8.9681699e-02
   8.8084534e-02
   8.6476523e-02
   8.5148506e-02
   8.3756059e-02
   8.2692016e-02
   8.1511234e-02
   8.0705689e-02
   7.9768508e-02
   7.9179604e-02
   7.8491956e-02
   7.8103347e-02
   7.7659078e-02
   7.7466056e-02
   7.7258807e-02
   7.7256487e-02
   7.7279722e-02
   7.7463070e-02
   7.7710111e-02
   7.8073979e-02
   7.8538046e-02
   7.9077203e-02
   7.9751458e-02
   8.0460629e-02
   8.1338224e-02
   8.2212126e-02
   8.3286254e-02
   8.4319642e-02
   8.5583594e-02
   8.6771300e-02
   8.8218534e-02
   8.9555514e-02
   9.1179714e-02
   9.2661094e-02
   9.4456254e-02
   9.6077381e-02
   9.8038240e-02
   9.9821806e-02
   1.0194539e-01
   1.0392827e-01
   1.0623110e-01
   1.0844281e-01
   1.1094838e-01
   1.1341904e-01
   1.1615081e-01
   1.1891105e-01
   1.2189237e-01
   1.2497335e-01
   1.2822751e-01
   1.3166095e-01
   1.3521112e-01
   1.3902945e-01
   1.4289879e-01
   1.4713532e-01
   1.5134704e-01
   1.5573413e-01
   1.6000622e-01
   1.6416367e-01
   1.6821154e-01
   1.7215472e-01
   1.7599796e-01
   1.7974587e-01
   1.8340294e-01
   1.8697358e-01
   1.9046210e-01
   1.9387275e-01
   1.9720969e-01
   2.0047707e-01
   2.0367896e-01
   2.0681943e-01
   2.0990198e-01
   2.1291930e-01
   2.1586756e-01
   2.1874642e-01
   2.2155557e-01
   2.2429471e-01
   2.2696356e-01
   2.2956185e-01
   2.3208935e-01
   2.3454580e-01
   2.3693100e-01
   2.3924472e-01
   2.4148675e-01
   2.4365690e-01
   2.4575497e-01
   2.4778077e-01
   2.4973411e-01
   2.5161478e-01
   2.5342261e-01
   2.5515738e-01
   2.5681889e-01
   2.5840692e-01
   2.5992126e-01
   2.6136165e-01
   2.6272785e-01
   2.6401960e-01
   2.6523660e-01
   2.6637857e-01
   2.6744517e-01
   2.6843608e-01
   2.6935091e-01
   2.7018928e-01
   2.7095079e-01
   2.7163500e-01
   2.7224143e-01
   2.7276950e-01
   2.7321222e-01
   2.7355898e-01
   2.7380087e-01
   2.7392945e-01
   2.7393674e-01
   2.7381529e-01
   2.7355815e-01
   2.7315894e-01
   2.7261181e-01
   2.7191148e-01
   2.7105324e-01
   2.7003294e-01
   2.6884698e-01
   2.6749227e-01
   2.6596621e-01
   2.6426659e-01
   2.6239152e-01
   2.6033932e-01
   2.5810832e-01
   2.5569667e-01
   2.5310209e-01
   2.5032151e-01
   2.4735065e-01
   2.4418356e-01
   2.4081195e-01
   2.3722444e-01
   2.3340568e-01
   2.2933524e-01
   2.2498635e-01
   2.2032431e-01
   2.1530473e-01
   2.0987138e-01
   2.0395366e-01
   1.9746360e-01
   1.9029237e-01
   1.8230605e-01
   1.7333935e-01
   1.6324324e-01
   1.5190089e-01
   1.3915320e-01
   1.2477490e-01
   1.0844240e-01
   8.9682161e-02
   7.6726837e-02
   7.3968987e-02
   7.7741331e-02
   9.2601852e-02
   1.1527485e-01
   1.3235390e-01
   1.4525137e-01
   1.5500051e-01
   1.6238201e-01
   1.6799953e-01
   1.7232571e-01
   1.7573043e-01
   1.7849836e-01
   1.8084013e-01
   1.8290008e-01
