1.8976883421617894
1.9114666839489907
1.9164739902723311
1.9126486909835478
1.9001055674408487
1.8791258142663954
1.8501397614830848
1.8137038105059857
1.7704734762506056
1.7211745413252046
1.666574231111383
1.607454052875621
1.5445855665842552
1.4787099321894999
1.410521663308967
1.34065665224597
1.269684241641899
1.198102913601264
1.1263390452779536
1.0547481296246015
0.9836178658446718
0.9131725695150933
0.8435784220637712
0.7749491605582941
0.7073518919474593
0.640812794388507
0.5753225381188257
0.5108413176030658
0.4473034350275829
0.38462141324348686
0.32268964517697024
0.2613876079987351
0.20058268549248054
0.14013265251881668
0.07988788250481138
0.019693343568667823
-0.04060954793013591
-0.046554727839517654
-0.05060314893885992
-0.05466417801781999
-0.058737470973981167
-0.06282266951802531
-0.06691940030165201
-0.07102727403999413
-0.07514588462964364
-0.07927480826347322
-0.08341360254352438
-0.08756180559331025
-0.09171893517097462
-0.0958844877848346
-0.10005793781292982
-0.10423873662829836
-0.10842631173179919
-0.11262006589440125
-0.11681937631096613
-0.12102359376765695
-0.12523204182521272
-0.12944401602043729
-0.13365878308836285
-0.13787558020765364
-0.14209361427192968
-0.146312061189794
-0.1505300652164553
-0.15474673831994087
-0.15896115958499638
-0.16317237465786155
-0.16737939523520806
-0.1715811986006056
-0.17577672721196372
-0.17996488834346794
-0.18414455378558883
-0.1708070766826906
-0.08678680459564402
-0.0026950132489709155
0.0813497503787007
0.16522935561239332
0.2488193986836568
0.33198264826636004
0.4145627520856403
0.49637834955057053
0.5772177620382168
0.6568344644565258
0.7349435754269192
0.8112196340735235
0.8852959530272123
0.9567658428947252
1.0251859856053842
1.0900821854738225
1.150957641645978
1.2182935652382012
1.2939932214594996
1.3770387209082295
1.4680392656775965
1.5675897216547428
1.6762405207883713
1.7944551535651987
1.9225523660048043
2.060630257829332
2.208470180668166
2.3654200470742603
2.530259855232305
2.701057367929224
2.875029183597293
3.0484315275561635
3.2165145050254953
3.37358028531035
3.5131851575088575
3.6098239531910883
3.5803440650397538
3.5830397560757654
3.6168988404958045
3.6808372039298365
3.773532980427862
3.893172913914748
4.037111849595531
4.201456096409721
4.380603663624543
4.566811491672019
4.749909303174585
4.8866943746380525
4.631540572089305
4.397827383530312
4.19421441494438
4.026142202195773
3.896854510037386
3.808280918890385
3.7617218188540273
3.758335347507196
3.799444924466922
3.8866812378835265
4.021953670793286
4.046876713908942
3.949313385980447
3.8151427459199834
3.6529401941364217
3.4713995014433228
3.2785971307752364
3.0815153800486232
2.8858158176909083
2.6958125363159526
2.51457982468767
2.344133109127482
2.1856358675310905
2.03960122014955
1.9060707981488973
1.7847636883413305
1.6751947782662053
1.5767654320441102
1.4888310207966948
1.4107501976287387
1.1836000410970098
0.9496515011111302
0.7135464503184017
0.4754238568994638
0.2348959646300209
-0.008794188791793181
-0.25661096459324806
-0.5095556337555295
-0.7684794363833405
-1.0338714317617674
-1.3056143934149704
-1.5827081159138559
-1.8629711292819504
-2.142750068735981
-2.4166903193973956
-2.6776479505740234
-2.9168416436454403
-3.038023586288582
-3.083113818331994
-3.152497416008154
-3.2446662853762382
-3.3578652191372758
-3.4898240803382925
-3.637458592011718
-3.7965574609013393
-3.961494179740265
-4.125028001610264
-4.278284366423458
-4.4110182221153185
-4.512246389645625
-4.236512133383797
-3.943996420936032
-3.699823592349913
-3.505234910920494
-3.360057679199934
-3.263804566470371
-3.2164336789278116
-3.218881852224966
-3.2734638031493293
-3.3841987466563324
-3.557088747115344
-3.727102438371854
-3.793960151237032
-3.8278229168539073
-3.8287292897157204
-3.7982533787456716
-3.7392926325696965
-3.6557412290833224
-3.552107779796718
-3.4331360337702064
-3.3034750917342874
-3.167427155797565
-3.0287820718007628
-2.890733103462122
-2.755859289051129
-2.626156115067563
-2.503096697849545
-2.3877084982229717
-2.2806543575490545
-2.182310350678667
-2.0928360737470935
-2.0122353374575033
-1.9404068452546088
-1.8771854278998075
-1.8223749376489182
-1.7757741216097365
-1.7371968119793562
-1.7064876765254455
-1.6835346239247952
-1.668278791569393
-1.6607228783632262
-1.6609384309088844
-1.6690725498192558
-1.685354349972156
-1.7101013767220063
-1.7211671766729528
-1.7035321193107482
-1.6808302941394373
-1.653420481949556
-1.6217052030812176
-1.5861177678011833
-1.5471095768847738
-1.505138198738979
-1.460656631761666
-1.41410403336753
-1.3658980727030121
-1.3164289521618782
-1.2660550497367955
-1.2151000631135018
-1.1638514875962114
-1.1125602317432466
-1.0614411639596273
-1.010674386554201
-0.9604070471285235
-0.9107555171045835
-0.8618077907094484
-0.8136259824225811
-0.7662488249853335
-0.7196940923723456
-0.6739608919133161
-0.6290317866941899
-0.613470504333686
-0.6330857478157815
-0.653332819169361
-0.6742323263410247
-0.6958030446700655
-0.7180615928818521
-0.741022060574496
-0.7646955845837895
-0.7890898719371552
-0.8142086676307035
-0.8400511662238279
-0.8666113672860578
-0.8938773760957656
-0.9218306527249329
-0.9504452147903757
-0.979686801744563
-1.009512011641552
-1.0398674248494415
-1.0706887331684116
-1.101899897195017
-1.1334123594472048
-1.1651243455738247
-1.1969202906977656
-1.2286704322950237
-1.2602306146325772
-1.2914423522491931
-1.322133200782837
-1.352117482112095
-1.3811974067761044
-1.4091646295067723
-1.43580226309804
-1.4608873615754168
-1.484193865788542
-1.5054959835154416
-1.5139357149852055
-1.4937889143062038
-1.4755042277160604
-1.459091565113261
-1.4445550614219806
-1.4318942711178029
-1.4211051790458944
-1.4121810370714958
-1.4051130362909736
-1.399890824106106
-1.3965028745968355
-1.3949367194612203
-1.3951790454448152
-1.3972156627554715
-1.4010313475404255
-1.4066095601694928
-1.4139320398968394
-1.4229782755411209
-1.4337248512120444
-1.4461446659113346
-1.4602060261492131
-1.4758716116575892
-1.493097315973384
-1.511830966244253
-1.5320109302124947
-1.5535646230943205
-1.5764069331058232
-1.6004385917724655
-1.6255445239142443
-1.6515922222530577
-1.678430202747624
-1.6957687397119812
-1.6842094848669111
-1.6730877508866169
-1.6625114485548176
-1.6525784299418418
-1.6433767652070328
-1.6349850837026474
-1.627472954046282
-1.620901280618396
-1.6153226967668344
-1.6107819377550183
-1.607316179104162
-1.6049553284120275
-1.6037222609677593
-1.6036329915311467
-1.604696776530001
-1.606916142688344
-1.6102868397781989
-1.6147977168424543
-1.6204305229233351
-1.627159635108945
-1.6349517186361369
-1.6437653259137497
-1.6535504436995012
-1.664248000307645
-1.6757893476558645
-1.6880957361687352
-1.7010778040010406
-1.7146351056507099
-1.728655708677724
-1.6952346289481919
-1.6563897082740542
-1.6169124939799715
-1.5771277429942374
-1.5373292621813424
-1.4977794976339407
-1.4587099642723427
-1.4203223449836322
-1.3827900982463226
-1.3462604286892597
-1.3108564938837977
-1.2766797408850188
-1.2438122861196583
-1.212319271115098
-1.1822511436120988
-1.153645828456246
-1.1265307652099033
-1.1009247997282272
-1.0768399251711798
-1.0542828743139387
-1.0332565698355873
-1.01376144277877
-0.9957966318374508
-0.9793610777799319
-0.9644545283567415
-0.9510784696571795
-0.939237000216117
-0.8940654942482031
-0.8222767587368048
-0.7492597337615838
-0.6752609951374513
-0.6004800441530502
-0.5250721092012729
-0.44915178548750145
-0.3727972848387261
-0.29605511472460033
-0.21894505235876885
-0.14146532319958674
-0.06359793134187011
0.014685879047451023
0.09342002770362677
0.17263784749490727
0.25236615039987814
0.33261908216118774
0.4133917474783661
0.49465360787190166
0.5763416858678906
0.6583536527146456
0.740540932848782
0.82270202637625
0.9045763292027906
0.9858388155055862
1.0660960328258409
1.14488393700518
1.2216681500885034
1.2958472438845068
1.366759618060712
1.4336944377681533
1.4959069087396373
1.5526378921465602
1.6031375038358704
1.64669192519942
1.644807364948736
1.620862435527291
1.6060212209951963
1.599909751410837
1.6022717571373215
1.6129588865178648
1.6319219115953614
1.6592024984592466
1.6949249943596079
1.7392875405738457
1.792551646587249
1.8550291497112297
1.9270652325333075
2.009015885252803
2.1012179025387776
2.2039492402756675
2.3173774073560374
2.4414936624810726
2.5760313202849194
2.7203677088185088
2.8734115789501633
3.033481358790222
3.1981847556332488
3.364316671201703
3.527799409166084
3.683694975123323
3.8263211081778827
3.92670402458784
3.7966677360804955
3.6513575536496505
3.4964455773556997
3.336986526997919
3.1772593530349105
3.020715888545967
2.870009056196605
2.727072174400962
2.593224833597647
2.4692868440305564
2.3556879248746654
2.252566036166392
2.159851162552751
2.0773339751132136
2.0047203567287895
1.941673562374851
1.8878460577173086
1.842903041211063
1.8065394510221287
1.778491982537494
1.7585473508814065
1.7465477551124144
1.7423942487789064
1.7460484968469858
1.7575331971857087
1.776931258061041
1.8043836422233837
1.8400856035973567
1.8842808453176727
1.9372529106509244
1.9993128774042315
2.0707821641692212
2.151968986131731
2.243136749007709
2.3444624972810333
2.4559835288178498
2.453508425958839
2.429143102261184
2.3917196480789547
2.3423721440785292
2.2824520741388796
2.2134511664116765
2.1369259071641675
2.0544292174122405
1.967453085268795
1.8773841586859525
1.7854726986982226
1.6928140428601117
1.6003408973529338
1.5088243455307195
1.4188813594010106
1.3309867354201586
1.2454876545138087
1.162619410517706
1.0825212037645735
1.005251220249987
0.9308004918688654
0.8591052526106082
0.7900576707591098
0.7235149542808362
0.6593069040293724
0.5972420358142649
0.537112415746975
0.3683448174289776
0.1306778828725172
-0.10678408626035085
-0.34764768718819483
-0.5955670836166616
-0.854169639887229
-1.1269398532800343
-1.4170294691396668
-1.7269566820320406
-2.0581551814992585
-2.4103409687657944
-2.78069200065683
-3.162896911127468
-3.546236204099691
-3.9150073770983282
-4.248748448687922
-4.523745852204089
-4.656505377056805
-4.470024400829329
-4.356769019550273
-4.31419935802703
-4.340551564382492
-4.434937069799777
-4.597020493070189
-4.826247258822408
-5.120516065365529
-5.474167537005621
-5.875252135962355
-5.7117383053221245
-5.288927150259248
-4.79184644198077
-4.265294414101202
-3.7432352497148345
-3.247646579199334
-2.7901883304804245
-2.3749067760977507
-2.000848369903443
-1.6641039522537824
-1.359205524993731
-1.0799755636419872
-0.8199720429310259
-0.48093008437465923
-0.12501786493283162
0.23378891125038767
0.6024416662431293
0.9879429518011746
1.3968888900715535
1.8347598642689453
2.3048051448754245
2.8063861018399154
3.3327497204059617
3.868480044447305
4.387381325039132
4.852198233621797
5.2179564362662445
5.210357039272981
4.819327669219634
4.52409209681911
4.322419595700785
4.211509646805078
4.1899867766148855
4.258973507575934
4.42256147032929
4.687758655682311
5.063714184563648
5.329599058153538
5.3080227510182265
5.196132022286902
5.008851392062872
4.7652750798053205
4.485415858344729
4.187634085275172
3.887101713340763
3.5952510140979235
3.3199352690875297
3.065984797139009
2.835903034614786
2.6305409059984166
2.4496700356938073
2.2924314380911732
2.157667540143974
2.044158972403098
1.950790847500668
1.8766716201067153
1.8338308583200515
1.8164122006675947
1.7944329964569863
1.7682737384203384
1.7383476847862214
1.7050889747770783
1.6689413300913267
1.6303477438235372
1.5897414463571486
1.547538325221614
1.50413087192312
1.459883639771213
1.4151301263487948
1.3701709436098901
1.325273106750836
1.280670257728368
1.236563637563695
1.1931236300793322
1.1504917152849468
1.1087826904421372
1.0680870385760548
1.0284733460809548
0.9899906918179134
0.9526709489077454
0.9165309568299593
0.881574535282237
0.8477943225691144
0.81517343024189
0.7836869125515554
0.7533030542853509
0.7239844840250012
0.695689122065486
0.6683709734159096
0.6419807766846954
0.6164665194102091
0.5917738296814752
0.5600228922135562
0.5157187762624401
0.47071487486617203
0.42508679707641467
0.378899462339459
0.33220773200414777
0.28505719428334503
0.2374850789295602
0.1895212814434603
0.14118948023488634
0.09250833358937935
0.04349274638587131
-0.005844800879181283
-0.05549286619876614
-0.1054396074267239
-0.15567129453488737
-0.20617077673729076
-0.2569159097666973
-0.30787795090007497
-0.3590199326966185
-0.4102950308613012
-0.4616449471707016
-0.512998334937291
-0.5642693019165917
-0.6153560336596308
-0.6661395887501171
-0.7164829256775657
-0.7662302286718222
-0.8152066058978735
-0.8632182370774099
-0.9004104125007375
-0.8399284923143784
-0.7795935872348582
-0.7195521275354325
-0.659916810055912
-0.6007695731976713
-0.5421646940433078
-0.48413190029540604
-0.4266794175015785
-0.36979689651382563
-0.31345818698447303
-0.25762393993378513
-0.2022440362606752
-0.14725984886064017
-0.09260635416924917
-0.03821411487200833
0.015988840415181983
0.07007521217239958
0.12411667016774665
0.17818210918784216
0.23233589163654397
0.286636050318759
0.3411324278040682
0.39586473305859693
0.4508605017250146
0.5061329537422136
0.5616787511704034
0.6174756703586981
0.6734802161459863
0.7296252217091697
0.7858174958895073
0.8419356000227446
0.8401234659685012
0.8360488206392098
0.8320226487422159
0.8280537334737478
0.8241504615522302
0.8203208286265576
0.8165724459407259
0.8129125480865032
0.8093480016830782
0.8058853148305613
0.8025306471924908
0.7992898205711046
0.7961683298478188
0.7931713541700639
0.7903037682742422
0.7875701538429534
0.7849748108028057
0.7825217684769284
0.7802147965137654
0.778057415520764
0.7760529073381828
0.7742043248944287
0.7725145015900273
0.770986060162622
0.7696214209902114
0.7684228097942388
0.7673922647081323
0.7665316426805018
0.7658426251854216
0.7653267232151497
0.7649852815332113
0.7648194821681225
0.7648303471301106
0.7650187403350874
0.7653853687218714
0.7659307825502528
0.7666553748690501
0.7675593801447826
0.7686428720430899
0.7699057603565749
0.7713477870743787
0.7729685215905786
0.774767355050455
0.7767434938358659
0.7788959521934271
0.781223544012026
0.7837248737593162
0.7863983265905001
0.7892420576467332
0.7922539805650913
0.7954317552272062
0.7987727747794227
0.8022741519637717
0.8059327048061213
0.8097449417157095
0.8137070460588074
0.8178148602785626
0.8220638696431681
0.826449185715293
0.8290890674183752
0.8248447391247732
0.820482824174354
0.8160143904916913
0.8114503308226867
0.8068013388010875
0.8020778874310733
0.7972902099519221
0.7924482830340185
0.7875618122406763
0.7826402196774955
0.7776926337401875
0.7727278808628739
0.7677544791617866
0.762780633863874
0.7578142344060033
0.7528628530880749
0.7479337451623234
0.7430338502412096
0.7381697949075112
0.7333478964123276
0.7285741673496128
0.7238543211994353
0.7191937786362677
0.7145976745031848
0.7100708653577605
0.7056179375005761
0.7012432154026086
0.6969507704531381
0.692744429955269
0.6886277863015388
0.6846042062673916
0.6806768403655024
0.6768486322089091
0.6731223278357901
0.6695004849532887
0.66598548206219
0.6625795274283849
0.6592846678709239
0.6561027973401052
0.6530356652623838
0.6500848846319949
0.6472519398320615
0.6445381941705053
0.6419448971185016
0.6394731912413006
0.6371241188131785
0.6348986281099565
0.6327975793740405
0.6308217504482359
0.6289718420757314
0.6272484828646059
0.6256522339160457
0.6241835931161249
0.6228429990915529
0.6216308348302245
0.6205474309677357
0.6195930687412379
0.6187679826121735
0.6180723625594722
0.6175063560447954
0.617070069651364
0.6167635703977824
0.6165868867281367
0.6165400091794473
0.6166228907273748
0.616835446810839
0.6171775550359994
0.6176490545598109
0.6182497451531545
0.6189793859433461
0.6198376938356448
0.6208243416132389
0.6219389557150897
0.6231811136909505
0.6245503413328948
0.6260461094827365
0.6276678305148988
0.629414854494489
0.631286465010685
0.6332818746859555
0.6354002203621858
0.6376405579654438
0.640001857051943
0.6424829950386819
0.645082751123384
0.6477997998996065
0.6506327046743735
0.6535799104973085
0.6566397369121012
0.6598103704432107
0.6630898568329411
0.6664760930465735
0.669966819065923
0.6735596094946814
0.6772518650021034
0.6810408036350277
0.6849234520319185
0.6888966365765045
0.6929569745327379
0.6971008652071281
0.701324481189021
0.7056237597241196
0.7099943942813343
0.7144318263780214
0.7189312377336413
0.7234875428268922
0.7280953819363393
0.7327491147494127
0.7374428146293502
0.7421702636340727
0.7469249483850795
0.7517000568880877
0.7564884764102533
0.7612827925212825
0.7660752894074135
0.7708579515681032
0.7756224670050272
0.7803602320117269
0.7850623576696562
0.7897196781524601
0.7943227609349182
0.7988619189959766
0.8033272250966441
0.807708528203086
0.8119954721130206
0.816177516329446
0.8202439592097679
0.8241839634006479
0.8279865835493281
0.831640796260965
0.8351355322487157
0.8294487324463808
0.8072319948941705
0.785114484997816
0.7631345461191281
0.7413258807603138
0.7197177559197769
0.6983352260149494
0.6771993674108324
0.6563275193325934
0.6357335266617071
0.6154279808016033
0.5954184554386527
0.5757097346102155
0.5563040310188695
0.5372011929992212
0.5183988989515136
0.49989283840636994
0.4816768791809499
0.4637432203323027
0.4460825308132061
0.42868407389399404
0.4115358175351219
0.3946245309841969
0.3779358679318942
0.36145443659749477
0.3451638571303176
0.32904680671098957
0.3130850527192531
0.2972594743050934
0.2815500726593966
0.2659359702309365
0.2503953990794023
0.2349056784907655
0.2194431819122739
0.20966664441908114
0.21524218621094707
0.22074486897607926
0.22616601039541986
0.2314969307019712
0.2367289809551415
0.24185357208404307
0.24686220455278066
0.25174649848916136
0.2564982241076952
0.26110933224833033
0.26557198484437333
0.2698785851265639
0.27402180736551873
0.27799462595186547
0.28179034361244554
0.28540261856212296
0.2888254903940094
0.2920534045163775
0.29508123495217686
0.2979043053268468
0.30051840788200784
0.3029198203664679
0.3051053206716881
0.307072199096259
0.3088182681428019
0.31034186977086264
0.31164188005050636
0.3127177111832083
0.31356931087898776
0.3141971591012319
0.31460226221303533
0.31478614458082455
0.3147508377122654
0.3144988670256858
0.321491463294859
0.36254892820860146
0.4039162750172254
0.4457922793850527
0.48836743922302694
0.5318248605722474
0.5763407623612349
0.6220845824601959
0.6692186568313461
0.7178974332956541
0.7682661717680331
0.8204590742227857
0.8745967808635695
0.9307831650334144
0.9891013597414436
1.0496089551768397
1.1123323215770744
1.1772600381254803
1.2443354493464145
1.313448429055148
1.3844265113436949
1.4570256504693324
1.5309209971445277
1.6056982248445908
1.6808460991187513
1.7557511423458756
1.829695385669544
1.9018582913166748
1.971323938238662
2.037094455202515
2.0981104244241298
2.1532785437121698
2.2015062261826306
2.241742066281259
2.2730202797293906
2.2945064406990054
2.305541224984266
2.3047646517020377
2.3178157812602285
2.349866749593437
2.400234274634738
2.468447719508012
2.5541427570259905
2.656941368113683
2.7763106387390546
2.9113941419834743
3.0608128008853552
3.2224381161560767
3.3931506554584483
3.568611413672961
3.7430923046559736
3.909431073245059
4.059187735659592
4.183072827660036
4.271680322536387
4.3164851760681895
4.310968788144
4.251648323844463
4.138753380171926
