-1.3980288602566968
-1.365271066903194
-1.3327259636562703
-1.3005009406123895
-1.2687003707661297
-1.2374240753010628
-1.2067659779789066
-1.1768129924357833
-1.147644170432731
-1.1193301227575128
-1.091932709065744
-1.0655049797079357
-1.0400913423255693
-1.0157279190778954
-0.9924430567412521
-0.970257951249752
-0.9491873499641521
-0.9292402984181725
-0.9104209028548155
-0.8927290849548155
-0.8761613103083133
-0.8607112770442114
-0.8463705553821653
-0.8331291725849175
-0.8209761408199148
-0.8098999278041129
-0.7998888718583316
-0.7909315442130075
-0.7830170621697714
-0.7761353571166305
-0.7702774014958517
-0.7654353987004757
-0.761602939584199
-0.7587751288555186
-0.756948684125612
-0.7561220098164486
-0.7562952475296131
-0.7570332508569846
-0.7578382293667891
-0.7587097685153956
-0.7596479863521998
-0.7606529968859208
-0.7617249099343396
-0.7628638309647181
-0.7640698609248624
-0.7653430960647982
-0.7666836277490436
-0.7680915422594697
-0.7695669205887568
-0.7711098382244632
-0.7727203649237405
-0.7743985644787382
-0.7761444944727643
-0.7779582060272758
-0.7798397435397953
-0.7817891444128666
-0.7838064387741799
-0.7858916491880183
-0.7880447903581974
-0.7902658688226881
-0.7925548826401432
-0.7949118210685616
-0.7973366642363564
-0.7998293828061136
-0.8023899376313556
-0.8050182794066516
-0.8077143483114446
-0.8104780736479886
-0.8133093734738286
-0.8162081542292766
-0.8191743103603715
-0.8221793910200764
-0.8242770987092282
-0.8250057062088302
-0.8243650288405912
-0.8223561609076214
-0.8189815086686438
-0.8142448965141867
-0.8081517446277109
-0.8007093152301515
-0.7919270231120009
-0.7818168044876207
-0.7703935362201721
-0.7576754951528872
-0.7436848446757897
-0.7284481328403148
-0.7119967834508952
-0.6943675588191818
-0.6756029705309368
-0.655689760131042
-0.6344763335236885
-0.6118651958203913
-0.5877544380402326
-0.5620351234934998
-0.5345918554383109
-0.5053037534946777
-0.47404597427834977
-0.4406919350018276
-0.4051164174308839
-0.3671997366595668
-0.32683314447877
-0.2839255870405406
-0.23841183501296728
-0.19026183608012529
-0.13949089581802007
-0.08616998119531442
-0.030435096211516507
0.02748657326438822
0.08596685096594647
0.14440437358811223
0.203236598553776
0.262890438033981
0.32378004454749776
0.386302488642199
0.4508304396244408
0.5177010138712067
0.5872001434771461
0.6595422548626456
0.7348458509310501
0.8130886190113777
0.8903631727750936
0.9639923709889705
1.0343808200688978
1.1020096884769455
1.1674082999269468
1.2311353310315618
1.2937678967152046
1.3558965499086504
1.418124286497024
1.4810677748221581
1.5453590629671228
1.6108878290642197
1.674951177365708
1.7368836497798061
1.7963611559063692
1.8531536689234447
1.9071200989636332
1.958198243628077
2.0063920205649675
2.051757872455638
2.094391731291168
2.1344174038594446
2.171976795333311
2.2072220629683867
2.2403095858967808
2.271395527697265
2.3006327278542216
2.3281686609586503
2.3541442289988375
2.3786931889818783
2.400660848191014
2.4186579892589246
2.4326599421818815
2.442648179463386
2.4486027318708725
2.450497205244723
2.448295640227697
2.441951267520869
2.4314072667000097
2.4165997102772607
2.397462942372093
2.373937672387196
2.345982018252651
2.3135855612446754
2.276786122473356
2.235688403228397
2.190482860586556
2.141829518466645
2.0920269579483257
2.041133594175724
1.9888262447624974
1.9347986248915328
1.878765922476257
1.820472260436221
1.7597013240320838
1.6962901862629869
1.6301459176762196
1.5612638876956262
1.489745788311847
1.415814488761178
1.3423382623966562
1.2733918664275112
1.208413280345757
1.146734384682941
1.0876763251637556
1.030560430278831
0.9747094207076195
0.9194417951886584
0.8640614170790206
0.8078436834928965
0.7500193295243532
0.6899902949299386
0.6292852390890027
0.5686502987566211
0.508438076564834
0.44897995327525153
0.3905746538709462
0.3334795937067811
0.27790545840105846
0.22401403068146503
0.17191891061725328
0.12168853462580778
0.0733507951345036
0.026898576667028693
-0.017704381742361542
-0.06051775330975075
-0.10161933270635247
-0.14110037293559125
-0.17906163236083145
-0.21561013975936266
-0.25085663651825085
-0.28491362736627995
-0.3178939589157412
-0.3499098437802985
-0.3810722530863282
-0.4114906087858885
-0.44127271722255984
-0.47052489555619514
-0.49935225212809453
-0.5278590902296385
-0.556149411848675
-0.5843275037673916
-0.6124985928922428
-0.6407695609374651
-0.6692497105548064
-0.6979693966831892
-0.7263808770608835
-0.7543137298419962
-0.7817136912332974
-0.8085313142884318
-0.8347222095233705
-0.8602471670947673
-0.8850721684724622
-0.9091682988041326
-0.9325115734235342
-0.9550826932153341
-0.976866743912207
-0.9978528540049896
-1.0180338249614302
-1.0374057460459762
-1.0559676043746558
-1.0737208990672804
-1.0906692665892177
-1.1068181226938998
-1.122174324844939
-1.1367458576491745
-1.1505415426854106
-1.1635707731690266
-1.1758432731401218
-1.187368880285417
-1.1981573510807237
-1.2083256099457196
-1.2186652707798538
-1.2293411391436564
-1.2403616149416226
-1.2517353204201167
-1.263471074918493
-1.2755778658372958
-1.2880648153520524
-1.3009411423822013
-1.3142161193101396
-1.32789902293703
-1.3419990791621261
-1.3565254008833003
-1.3714869186410952
-1.386892303570058
-1.4027498822827078
-1.4190675433969258
-1.4358526355303773
-1.453111856729511
-1.4708511354788412
-1.4890755036514123
-1.5077889620151848
-1.5269943392028833
-1.5466931453832171
-1.5668854222352373
-1.5875695912184429
-1.6087423025389123
-1.6303982876225778
-1.6525302183034491
-1.6751285762957384
-1.6981815368202973
-1.7216748704705975
-1.7455918675038562
-1.7699132887019173
-1.7945938358042615
-1.8191703712303995
-1.8434905704263698
-1.8675803617528306
-1.8914658029944242
-1.915173023164261
-1.9387281752392111
-1.9621573981172555
-1.9854867861597014
-2.008742364753538
-2.031950070397793
-2.0551357338794243
-2.0783250651566743
-2.1015436386096837
-2.1248168773491622
-2.1481700352940885
-2.1716281757400506
-2.19521614514221
-2.218958540833708
-2.242879671394463
-2.267003508380768
-2.2913536281277853
-2.3159531423506157
-2.340824616302111
-2.3659899733049152
-2.391470384570334
-2.4172861433578094
-2.4434565227265326
-2.4699996163965956
-2.4969321625820085
-2.524269351092091
-2.5520033304032785
-2.5796989407182496
-2.6071878927514955
-2.634481511755633
-2.66159225683196
-2.688533608725115
-2.715319962084851
-2.7419665225012375
-2.768489208405934
-2.7949045577447365
-2.8212296391649403
-2.8474819673234317
-2.873679421806466
-2.8998401690577627
-2.9259825866360294
-2.952125189064886
-2.9782865544957926
-3.0044852513773685
-3.0307397643116105
-3.0570684182792682
-3.0834893004332966
-3.110020178691908
-3.1366784164129196
-3.1634808825004406
-3.1904438563859947
-3.2175829274412435
-3.244912888521103
-3.2724476235068765
-3.300199988920838
-3.3281816899182513
-3.3560504572407575
-3.3833164504733584
-3.4099713718692235
-3.4360136734770035
-3.461445122863092
-3.4862704726591347
-3.5104971336685002
-3.5341348578942897
-3.5571954364463494
-3.579692415993235
-3.601640836279019
-3.6230569902404426
-3.6439582074407886
-3.6643626608770057
-3.6842891967042
-3.7037571860406935
-3.7227863977497533
-3.741396890923153
-3.7596089256995406
-3.777442891021724
-3.7949192479573686
-3.812058487265489
-3.828881099976478
-3.8454075598581468
-3.861658316758116
-3.877653799938824
-3.893414430651961
-3.9087950570379397
-3.9230549938220682
-3.936090084656753
-3.947888565100724
-3.9584411694927373
-3.9677406114601412
-3.9757811055310674
-3.9825579362620522
-3.988067079443387
-3.9923048785315456
-3.995267778456454
-3.996952118317232
-3.997353984157321
-3.9964691229352973
-3.9942929189130245
-3.990820433896612
-3.986046513012484
-3.9799659579009017
-3.9725737692768366
-3.963865460651062
-3.953837444524127
-3.9424874914595947
-3.9298152610073513
-3.915822901387616
-3.900515712085415
-3.8839028600037433
-3.865998135597375
-3.8468207305544926
-3.826396013309754
-3.8047562732835267
-3.7819413997052265
-3.7579994567772284
-3.7329871144476043
-3.7069698938950166
-3.680022189636895
-3.652416008970639
-3.6250012256218076
-3.59776667744072
-3.5705959106862526
-3.5433752162076164
-3.5159926054563924
-3.4883368616897226
-3.4602966681204173
-3.431759818424002
-3.402612520083595
-3.3727388076627873
-3.3420200914266407
-3.3103348769809537
-3.277558703920441
-3.24356436586867
-3.208222490458016
-3.1714025749166
-3.1329745893593874
-3.0928112727760904
-3.0507912515985316
-3.0068031011630802
-2.9607504378489677
-2.9125580641528437
-2.86217908059151
-2.809602720686179
-2.7548624605274408
-2.6980437197198897
-2.6393071661542877
-2.58090724875828
-2.524430693864981
-2.4699804467128375
-2.4176071578098757
-2.3673159806858353
-2.319074096812357
-2.2728182463200532
-2.2284617575506025
-2.185900769151934
-2.145019502224216
-2.105694559496052
-2.0677983062952645
-2.0312014318262364
-1.995774808008957
-1.9613907651963094
-1.9279238961589495
-1.8952514867001105
-1.863253656424855
-1.831813278576174
-1.8008157346039824
-1.770148547796295
-1.7397009310548115
-1.709363276718663
-1.6790266111195609
-1.6485820331581091
-1.617920154515722
-1.586930559096281
-1.5555013009175327
-1.5235184629901877
-1.4908658048214056
-1.4574245331659703
-1.4230732396063202
-1.3876880594601146
-1.351143119177609
-1.3133113532256253
-1.2740657853029853
-1.2341819267780423
-1.1948704609278056
-1.1562830550314556
-1.118554102704346
-1.0818031265462749
-1.0461335505409641
-1.0116321444393033
-0.9783690824250565
-0.9463985268158221
-0.9157596293903021
-0.8864778372366284
-0.8585663945039128
-0.8320279431751637
-0.8068561419844472
-0.7830372402741573
-0.7605515609321629
-0.7393748622221022
-0.7194795615785209
-0.7008358150109785
-0.6834124537124605
-0.6671777850687954
-0.6521002688915111
-0.6381490817494183
-0.6252945831363544
-0.6135086972197229
-0.6027652233442033
-0.5930400875358187
-0.5848877090548454
-0.5805970291738729
-0.5803888141111321
-0.5842792629522298
-0.5923259998410895
-0.6046276470988969
-0.6213220344152734
-0.642582492715608
-0.6686113765887148
-0.6996296425408447
-0.7358610373461063
-0.7775093420099196
-0.8247273832281946
-0.8775774682667887
-0.9359848462986904
-0.9996888972186215
-1.068200614257587
-1.1407038104841238
-1.2128144409693802
-1.283072289020914
-1.3524131173951346
-1.4217549790628048
-1.4920040469765607
-1.5640594860423735
-1.638813001756684
-1.7171381738600733
-1.7998637743172738
-1.8877246474549094
-1.9778253085226611
-2.062386244008951
-2.140189396970574
-2.2107164609412124
-2.273846455631153
-2.3297439218196723
-2.3787512284180234
-2.421300585704743
-2.457849790808244
-2.488839227059722
-2.5146651818364205
-2.535664414036402
-2.552105745872253
-2.5635390988565026
-2.568800910449236
-2.567869280581648
-2.560677092788908
-2.547077479037015
-2.5268475383448403
-2.4996990652088993
-2.4652993219423798
-2.4233061025389975
-2.373421935794396
-2.315471230680656
-2.2494999089220546
-2.175888074893295
-2.0954527749411014
-2.0102106333716367
-1.928616782697328
-1.85174121171857
-1.7783404767213564
-1.7071876369813703
-1.637072134910993
-1.566783900338568
-1.4950896331904626
-1.4207075937717069
-1.342287756507723
-1.2592327032336401
-1.1763194788143416
-1.095364240317685
-1.0171928111334372
-0.9424389124016783
-0.8715310221001241
-0.8047030798365147
-0.7420212226838206
-0.6834181677646971
-0.6287284406505765
-0.5777200579515548
-0.5301205268363464
-0.48563666671878214
-0.4439687303197467
-0.40481974191547565
-0.36790106624261126
-0.33293513020975346
-0.29965604890893066
-0.2678087195871474
-0.23710730914545555
-0.20694785397341306
-0.1772327723077739
-0.1480088172536593
-0.11931793348398266
-0.09119710475934964
-0.06367830524923353
-0.036788545368279274
-0.010550000527339435
0.015019790228564221
0.03990766932538487
0.06410456302483612
0.08760515387512899
0.1104075349566459
0.13251285623271825
0.15392497176698774
0.17465009498018455
0.1946964675772206
0.21407404634242463
0.23279421071741843
0.25086949296413297
0.26831333178190675
0.2851398494882578
0.3013636522756587
0.3169996526049736
0.33206291247069153
0.34656850605402306
0.3605314001480791
0.37396635067678213
0.38688781362019214
0.39930986868953683
0.4112461541538904
0.4227098112974469
0.4337134370737615
0.44426904361508746
0.45438802334595646
0.46405582135486567
0.47303104514020233
0.4812449119323108
0.4886903532110596
0.49536110553874535
0.5012515895832184
0.50635679847465
0.5106721967725865
0.5141936311137744
0.5169172534400499
0.518839457567941
0.5199568297545878
0.5202661138339234
0.5197641914376439
0.5184480777712633
0.5163149333797883
0.5133620923028782
0.5095871069778563
0.5049878101921451
0.4995623943057993
0.49330950785066335
0.48622836945607795
0.47831889884311896
0.46958186436172034
0.460019046210797
0.44963341407563834
0.4384293174373012
0.4264126862575438
0.41359123912688867
0.39997469529616164
0.38558206520813937
0.3714343345281512
0.3582505872081326
0.3460286142339995
0.3347647990595588
0.32445446111263854
0.315092168217942
0.30667201732138477
0.2991878837057538
0.29263363947297766
0.2870033424619151
0.2822913970016456
0.27849268799708166
0.2756026898326967
0.27361755148472167
0.27253415907278156
0.2723501768761863
0.273064067602838
0.27467509244280863
0.2771832911752483
0.2805894423366317
0.2848950032102151
0.29010202917097905
0.2962130717279218
0.3032310544582522
0.3111591259392512
0.3200004887685049
0.3297582038390183
0.3404349692209917
0.3520328733165761
0.36455312241756205
0.377995743426968
0.39190045263972517
0.40573458616506697
0.41949863439523094
0.43319391436542953
0.4468218380492212
0.46038390789537964
0.473881712456554
0.4873169221188965
0.5006912849403783
0.5140066226040585
0.5272648264912877
0.5404678538785567
0.5536177242605226
0.5667165158006903
0.5797663619101597
0.5927694479539676
0.6057280080836611
0.6186443221939506
0.6315207130005918
0.644359543235943
0.6571632129580914
0.6699341569688668
0.6826748423355802
0.6953877660109001
0.7080754525448397
0.7207404518825119
0.7333853372409688
0.7460127030581474
0.7586251630067197
0.7712253480653612
0.7838159046398022
0.796399492725807
0.8089787841060726
0.8215564605729097
0.8341352121684044
0.8467177354336818
0.8593067316587764
0.8719049051245247
0.8845149613278499
0.8971396051817119
0.9097815391809939
0.9224434615255351
0.9351280641915528
0.9478380309426453
0.9605760352716577
0.973344738264705
0.9861467863787352
0.9989848091241457
1.0118614166440583
1.0247791971820892
1.0377407144306354
1.0507485047519693
1.0638050742647793
1.076912895789113
1.0900744056431717
1.1032920002858835
1.1165680327997505
1.1299048092091746
1.1433045846301444
1.1567662898655189
1.1701965910570935
1.1835512665736625
1.1968295669392233
1.2100308636710595
1.2231546466833851
1.2362005215191116
1.2491682064310097
1.2620575293329739
1.2748684246413764
1.2876009300257474
1.3002551830871503
1.3128314179816973
1.3253299620057115
1.3377512321579892
1.3500957316936535
1.3623640466830038
1.3745568425877466
1.3866748608659758
1.398718915616208
1.410689890269825
1.4225887343402852
1.4344164602365181
1.4461741401470494
1.4578629030004873
1.4694839315072339
1.481038459286477
1.492527768081789
1.5039531850680006
1.5153160802513284
1.5266178639641903
1.537859984455566
1.5490439255772517
1.5601712045659262
1.5712433699204715
1.5822619993736593
1.5932286979569372
1.604145096156745
1.6150128481605306
1.6258336301903542
1.636609138921791
1.6473410899856267
1.6580312165496809
1.6686812679779688
1.6792930085642528
1.6898682163369754
1.7004086819324435
1.7109162075331017
1.7213926058676299
1.7318396992695997
1.7422593187913658
1.7526533033698457
1.763023499040845
1.7733717581985387
1.7836999388967516
1.794009904188663
1.804303521501556
1.8145826620432721
1.8248492002369927
1.835105013181018
1.8453519801302092
1.8555919819957618
1.8658269008600168
1.8760586195029805
1.8862890209372805
1.8965199879482593
1.9067534026359236
1.916991145955486
1.9272350972532009
1.9374871337942448
1.9477491302793564
1.958022958346959
1.9683104860575071
1.9786135773567535
1.988934091514672
1.9992738825367466
2.009634798544331
2.020018681120808
2.0304273646202433
2.040862675435253
2.0513264312208217
2.061820440070786
2.072346499643757
2.0829063962352374
2.0935019037927547
2.104134782870857
2.11480677952286
2.1255196241263272
2.1362750301393016
2.1470746927844226
2.157920287658178
2.1688134692626275
2.1797558694571384
2.1907490958277807
2.2017947299722644
2.2128943256985036
2.2240494071351384
2.2352614667526236
2.2465319632937946
2.2578623196131717
2.2692539204246325
2.280708109957491
2.2922261895215033
2.30380941498176
2.315458994145009
2.3271760840594973
2.338961788231064
2.3508171537588343
2.3627431683946227
2.374740757530855
2.386810781122622
2.3989540305503088
2.4111712254300848
2.423463010380442
2.4358299517539064
2.4482725343439453
2.4607911580781363
2.473386134709543
2.4860576845193005
2.4988059330443457
2.5116309078451957
2.524532535329636
2.5375106376490333
2.550564929684889
2.563695016144013
2.5769003887814175
2.590180423770684
2.6035343792420367
2.6169613930088147
2.630460480503285
2.644030532942868
2.6576703157478514
2.671352388968262
2.684771156216219
2.6978401058885457
2.710560955725046
2.7229358172794607
2.7349671477805364
2.746657704152988
2.7580104993249237
2.769028760900308
2.779715892233083
2.7900754359034
2.8001110395657824
2.8098264241134965
2.8192253540825085
2.8283116102017827
2.8370889639836774
2.845561154238575
2.8537318653910364
2.861604707470312
2.869183197645677
2.8764707431762715
2.883470625645747
2.890185986353686
2.8966198127382
2.902774925707204
2.908653967759261
2.9142593917786153
2.9195934503927834
2.924658185784805
2.929455419855922
2.933986744637831
2.9382535128568423
2.9422568285551054
2.945997537676527
2.9494887990394805
2.9529718982913464
2.956538299359283
2.960186918114437
2.9639165803030805
2.967726021909624
2.9716138897515263
2.9755787423109887
2.9796190508073335
2.983733200512861
2.987919492313832
2.992176144517019
2.9965012949009866
3.0008930030099767
3.0053492526869325
3.0098679548408205
3.014446950442078
3.01908401373862
3.023776855683508
3.0285231275640685
3.033320424820964
3.038166291044504
3.0430582221343365
3.0479936706075805
3.0529700500394874
3.0579847396198336
3.0630350888074913
3.068118422064974
3.07323204365424
3.07837324247466
3.083539296923801
3.0887274797615967
3.093935062958493
3.099159322508363
3.1043975431872903
3.1096582234157473
3.115389403106117
3.1218282433977866
3.1289812047957315
3.136856959390664
3.1454663051260114
3.1548220820109254
3.164939086690726
3.1758339814980707
3.187525193749771
3.20003280063007
3.2133783945199945
3.2275849231082865
3.2426764980746086
3.2586781656026966
3.2756156315056306
3.293514933389831
3.3124020521302864
3.3323024550806553
3.3532405640250187
3.3752391420416714
3.3983185953591066
3.4224961891116967
3.4477851798078913
3.4741938724290344
3.5017246164294935
3.5303727624373407
3.5601256099179754
3.590961385003166
3.622848296396449
3.6557437247784366
3.689593606275339
3.724332072032792
3.7598814025280487
3.796152346019016
3.8330448350786828
3.870449113887984
3.9082253180914592
3.946345468845895
3.985049069689373
4.024583637068957
4.065191785915339
4.107112354311395
4.1505804026804896
4.195825887306816
4.243070753745687
4.292524160570672
4.3443755481119535
4.398785339218536
4.455873235617423
4.515704390317281
4.578274214619139
4.643493198099697
4.711173790981405
4.781021938471749
4.852636006618994
4.9255153375642955
4.999079390390844
5.072696508874176
