0.0
0.016424059080413132
0.032848118160826265
0.0492721772412394
0.06569623632165253
0.08212029540206567
0.0985443544824788
0.11496841356289193
0.13139247264330506
0.1478165317237182
0.16424059080413134
0.18066464988454445
0.1970887089649576
0.21351276804537073
0.22993682712578387
0.24636088620619698
0.2627849452866101
0.2792090043670233
0.2956330634474364
0.3120571225278495
0.3284811816082627
0.3449052406886758
0.3613292997690889
0.37775335884950206
0.3941774179299152
0.41060147701032834
0.42702553609074145
0.44344959517115456
0.45987365425156773
0.47629771333198084
0.49272177241239395
0.5091458314928071
0.5255698905732202
0.5419939496536333
0.5584180087340466
0.5748420678144597
0.5912661268948728
0.6076901859752859
0.624114245055699
0.6405383041361121
0.6569623632165253
0.6733864222969385
0.6898104813773516
0.7062345404577647
0.7226585995381778
0.739082658618591
0.7555067176990041
0.7719307767794172
0.7883548358598303
0.8047788949402435
0.8212029540206567
0.8376270131010698
0.8540510721814829
0.870475131261896
0.8868991903423091
0.9033232494227224
0.9197473085031355
0.9361713675835486
0.9525954266639617
0.9690194857443748
0.9854435448247879
1.001867603905201
1.0182916629856142
1.0347157220660275
1.0511397811464405
1.0675638402268537
1.0839878993072667
1.10041195838768
1.1168360174680931
1.1332600765485061
1.1496841356289194
1.1661081947093324
1.1825322537897456
1.1989563128701586
1.2153803719505718
1.231804431030985
1.248228490111398
1.2646525491918112
1.2810766082722242
1.2975006673526375
1.3139247264330507
1.3303487855134637
1.346772844593877
1.36319690367429
1.3796209627547031
1.3960450218351164
1.4124690809155294
1.4288931399959426
1.4453171990763556
1.4617412581567688
1.478165317237182
1.494589376317595
1.5110134353980083
1.5274374944784213
1.5438615535588345
1.5602856126392477
1.5767096717196607
1.593133730800074
1.609557789880487
1.6259818489609001
1.6424059080413134
1.6588299671217264
1.6752540262021396
1.6916780852825526
1.7081021443629658
1.724526203443379
1.740950262523792
1.7573743216042053
1.7737983806846183
1.7902224397650315
1.8066464988454447
1.8230705579258577
1.839494617006271
1.855918676086684
1.8723427351670971
1.8887667942475102
1.9051908533279234
1.9216149124083366
1.9380389714887496
1.9544630305691628
1.9708870896495758
1.987311148729989
2.003735207810402
2.0201592668908153
2.0365833259712285
2.0530073850516417
2.069431444132055
2.0858555032124677
2.102279562292881
2.118703621373294
2.1351276804537074
2.1515517395341206
2.1679757986145334
2.1843998576949466
2.20082391677536
2.217247975855773
2.2336720349361863
2.250096094016599
2.2665201530970123
2.2829442121774255
2.2993682712578387
2.3157923303382515
2.3322163894186647
2.348640448499078
2.365064507579491
2.3814885666599044
2.397912625740317
2.4143366848207304
2.4307607439011436
2.447184802981557
2.46360886206197
2.480032921142383
2.496456980222796
2.5128810393032093
2.5293050983836225
2.5457291574640357
2.5621532165444485
2.5785772756248617
2.595001334705275
2.611425393785688
2.6278494528661014
2.644273511946514
2.6606975710269274
2.6771216301073406
2.693545689187754
2.709969748268167
2.72639380734858
2.742817866428993
2.7592419255094063
2.7756659845898195
2.7920900436702327
2.8085141027506455
2.8249381618310587
2.841362220911472
2.857786279991885
2.8742103390722984
2.890634398152711
2.9070584572331244
2.9234825163135376
2.939906575393951
2.956330634474364
2.972754693554777
2.98917875263519
3.0056028117156033
3.0220268707960165
3.0384509298764297
3.0548749889568425
3.0712990480372557
3.087723107117669
3.104147166198082
3.1205712252784954
3.136995284358908
3.1534193434393214
3.1698434025197346
3.186267461600148
3.202691520680561
3.219115579760974
3.235539638841387
3.2519636979218003
3.2683877570022135
3.2848118160826267
3.3012358751630395
3.3176599342434527
3.334083993323866
3.350508052404279
3.3669321114846924
3.383356170565105
3.3997802296455184
3.4162042887259316
3.432628347806345
3.449052406886758
3.465476465967171
3.481900525047584
3.4983245841279973
3.5147486432084105
3.5311727022888237
3.5475967613692365
3.5640208204496497
3.580444879530063
3.596868938610476
3.6132929976908894
3.629717056771302
3.6461411158517154
3.6625651749321286
3.678989234012542
3.695413293092955
3.711837352173368
3.728261411253781
3.7446854703341943
3.7611095294146075
3.7775335884950203
3.7939576475754335
3.8103817066558467
3.82680576573626
3.843229824816673
3.859653883897086
3.876077942977499
3.8925020020579124
3.9089260611383256
3.925350120218739
3.9417741792991516
3.958198238379565
3.974622297459978
3.9910463565403913
4.007470415620804
4.023894474701217
4.0403185337816305
4.056742592862044
4.073166651942457
4.08959071102287
4.106014770103283
4.122438829183697
4.13886288826411
4.155286947344522
4.171711006424935
4.188135065505349
4.204559124585762
4.220983183666175
4.237407242746588
4.2538313018270015
4.270255360907415
4.286679419987828
4.303103479068241
4.3195275381486535
4.335951597229067
4.35237565630948
4.368799715389893
4.385223774470306
4.40164783355072
4.418071892631133
4.434495951711546
4.450920010791959
4.4673440698723725
4.483768128952785
4.500192188033198
4.516616247113611
4.5330403061940245
4.549464365274438
4.565888424354851
4.582312483435264
4.598736542515677
4.615160601596091
4.631584660676503
4.648008719756916
4.664432778837329
4.680856837917743
4.697280896998156
4.713704956078569
4.730129015158982
4.7465530742393955
4.762977133319809
4.779401192400222
4.795825251480634
4.8122493105610475
4.828673369641461
4.845097428721874
4.861521487802287
4.8779455468827
4.894369605963114
4.910793665043527
4.92721772412394
4.943641783204353
4.960065842284766
4.976489901365179
4.992913960445592
5.009338019526005
5.0257620786064185
5.042186137686832
5.058610196767245
5.075034255847658
5.091458314928071
5.107882374008485
5.124306433088897
5.14073049216931
5.157154551249723
5.173578610330137
5.19000266941055
5.206426728490963
5.222850787571376
5.2392748466517896
5.255698905732203
5.272122964812616
5.288547023893028
5.3049710829734416
5.321395142053855
5.337819201134268
5.354243260214681
5.370667319295094
5.387091378375508
5.403515437455921
5.419939496536334
5.436363555616747
5.45278761469716
5.469211673777573
5.485635732857986
5.502059791938399
5.518483851018813
5.534907910099226
5.551331969179639
5.567756028260052
5.5841800873404654
5.600604146420879
5.617028205501291
5.633452264581704
5.6498763236621174
5.666300382742531
5.682724441822944
5.699148500903357
5.71557255998377
5.731996619064184
5.748420678144597
5.76484473722501
5.781268796305422
5.797692855385836
5.814116914466249
5.830540973546662
5.846965032627075
5.8633890917074885
5.879813150787902
5.896237209868315
5.912661268948728
5.929085328029141
5.945509387109554
5.961933446189967
5.97835750527038
5.994781564350793
6.011205623431207
6.02762968251162
6.044053741592033
6.060477800672446
6.0769018597528595
6.093325918833272
6.109749977913685
6.126174036994098
6.1425980960745115
6.159022155154925
6.175446214235338
6.191870273315751
6.208294332396164
6.224718391476578
6.241142450556991
6.257566509637403
6.273990568717816
6.29041462779823
6.306838686878643
6.323262745959056
6.339686805039469
6.3561108641198825
6.372534923200296
6.388958982280709
6.405383041361122
6.4218071004415345
6.438231159521948
6.454655218602361
6.471079277682774
6.487503336763187
6.503927395843601
6.520351454924014
6.536775514004427
6.55319957308484
6.5696236321652535
6.586047691245666
6.602471750326079
6.618895809406492
6.6353198684869055
6.651743927567319
6.668167986647732
6.684592045728145
6.701016104808558
6.717440163888972
6.733864222969385
6.750288282049797
6.76671234113021
6.783136400210624
6.799560459291037
6.81598451837145
6.832408577451863
6.8488326365322765
6.86525669561269
6.881680754693103
6.898104813773516
6.9145288728539285
6.930952931934342
6.947376991014755
6.963801050095168
6.980225109175581
6.996649168255995
7.013073227336408
7.029497286416821
7.045921345497234
7.0623454045776475
7.07876946365806
7.095193522738473
7.111617581818886
7.1280416408992995
7.144465699979713
7.160889759060126
7.177313818140539
7.193737877220952
7.210161936301366
7.226585995381779
7.243010054462191
7.259434113542604
7.275858172623018
7.292282231703431
7.308706290783844
7.325130349864257
7.3415544089446705
7.357978468025084
7.374402527105497
7.39082658618591
7.4072506452663225
7.423674704346736
7.440098763427149
7.456522822507562
7.472946881587975
7.489370940668389
7.505794999748802
7.522219058829215
7.538643117909628
7.555067176990041
7.571491236070454
7.587915295150867
7.60433935423128
7.6207634133116935
7.637187472392107
7.65361153147252
7.670035590552933
7.686459649633346
7.70288370871376
7.719307767794172
7.735731826874585
7.752155885954998
7.768579945035412
7.785004004115825
7.801428063196238
7.817852122276651
7.8342761813570645
7.850700240437478
7.867124299517891
7.883548358598303
7.8999724176787165
7.91639647675913
7.932820535839543
7.949244594919956
7.965668654000369
7.982092713080783
7.998516772161196
8.014940831241608
8.031364890322022
8.047788949402435
8.064213008482849
8.080637067563261
8.097061126643675
8.113485185724088
8.1299092448045
8.146333303884914
8.162757362965326
8.17918142204574
8.195605481126153
8.212029540206567
8.22845359928698
8.244877658367393
8.261301717447806
8.27772577652822
8.294149835608632
8.310573894689044
8.326997953769459
8.34342201284987
8.359846071930285
8.376270131010697
8.392694190091111
8.409118249171524
8.425542308251938
8.44196636733235
8.458390426412763
8.474814485493177
8.491238544573589
8.507662603654003
8.524086662734415
8.54051072181483
8.556934780895242
8.573358839975656
8.589782899056068
8.606206958136482
8.622631017216895
8.639055076297307
8.655479135377721
8.671903194458134
8.688327253538548
8.70475131261896
8.721175371699374
8.737599430779786
8.7540234898602
8.770447548940613
8.786871608021025
8.80329566710144
8.819719726181852
8.836143785262266
8.852567844342678
8.868991903423092
8.885415962503505
8.901840021583919
8.918264080664331
8.934688139744745
8.951112198825157
8.96753625790557
8.983960316985984
9.000384376066396
9.01680843514681
9.033232494227223
9.049656553307637
9.066080612388049
9.082504671468463
9.098928730548876
9.115352789629288
9.131776848709702
9.148200907790114
9.164624966870528
9.18104902595094
9.197473085031355
9.213897144111767
9.230321203192181
9.246745262272594
9.263169321353006
9.27959338043342
9.296017439513832
9.312441498594247
9.328865557674659
9.345289616755073
9.361713675835485
9.3781377349159
9.394561793996312
9.410985853076726
9.427409912157138
9.44383397123755
9.460258030317965
9.476682089398377
9.493106148478791
9.509530207559203
9.525954266639618
9.54237832572003
9.558802384800444
9.575226443880856
9.591650502961269
9.608074562041683
9.624498621122095
9.64092268020251
9.657346739282922
9.673770798363336
9.690194857443748
9.706618916524162
9.723042975604574
9.739467034684989
9.7558910937654
9.772315152845813
9.788739211926227
9.80516327100664
9.821587330087054
9.838011389167466
9.85443544824788
9.870859507328293
9.887283566408707
9.903707625489119
9.920131684569531
9.936555743649945
9.952979802730358
9.969403861810772
9.985827920891184
10.002251979971598
10.01867603905201
10.035100098132425
10.051524157212837
10.067948216293251
10.084372275373664
10.100796334454076
10.11722039353449
10.133644452614902
10.150068511695316
10.166492570775729
10.182916629856143
10.199340688936555
10.21576474801697
10.232188807097382
10.248612866177794
10.265036925258208
10.28146098433862
10.297885043419035
10.314309102499447
10.330733161579861
10.347157220660273
10.363581279740687
10.3800053388211
10.396429397901514
10.412853456981926
10.429277516062339
10.445701575142753
10.462125634223165
10.478549693303579
10.494973752383991
10.511397811464406
10.527821870544818
10.544245929625232
10.560669988705644
10.577094047786057
10.59351810686647
10.609942165946883
10.626366225027297
10.64279028410771
10.659214343188124
10.675638402268536
10.69206246134895
10.708486520429362
10.724910579509775
10.741334638590189
10.757758697670601
10.774182756751015
10.790606815831428
10.807030874911842
10.823454933992254
10.839878993072668
10.85630305215308
10.872727111233495
10.889151170313907
10.90557522939432
10.921999288474733
10.938423347555146
10.95484740663556
10.971271465715972
10.987695524796386
11.004119583876799
11.020543642957213
11.036967702037625
11.053391761118037
11.069815820198452
11.086239879278864
11.102663938359278
11.11908799743969
11.135512056520104
11.151936115600517
11.168360174680931
11.184784233761343
11.201208292841757
11.21763235192217
11.234056411002582
11.250480470082996
11.266904529163408
11.283328588243823
11.299752647324235
11.316176706404649
11.332600765485061
11.349024824565475
11.365448883645888
11.3818729427263
11.398297001806714
11.414721060887127
11.43114511996754
11.447569179047953
11.463993238128367
11.48041729720878
11.496841356289194
11.513265415369606
11.52968947445002
11.546113533530432
11.562537592610845
11.578961651691259
11.595385710771671
11.611809769852085
11.628233828932498
11.644657888012912
11.661081947093324
11.677506006173738
11.69393006525415
11.710354124334563
11.726778183414977
11.74320224249539
11.759626301575803
11.776050360656216
11.79247441973663
11.808898478817042
11.825322537897456
11.841746596977869
11.858170656058283
11.874594715138695
11.891018774219107
11.907442833299521
11.923866892379934
11.940290951460348
11.95671501054076
11.973139069621174
11.989563128701587
12.005987187782
12.022411246862413
12.038835305942825
12.05525936502324
12.071683424103652
12.088107483184066
12.104531542264478
12.120955601344892
12.137379660425305
12.153803719505719
12.170227778586131
12.186651837666544
12.203075896746958
12.21949995582737
12.235924014907784
12.252348073988196
12.26877213306861
12.285196192149023
12.301620251229437
12.31804431030985
12.334468369390263
12.350892428470676
12.367316487551088
12.383740546631502
12.400164605711915
12.416588664792329
12.433012723872741
12.449436782953155
12.465860842033567
12.482284901113982
12.498708960194394
12.515133019274806
12.53155707835522
12.547981137435633
12.564405196516047
12.58082925559646
12.597253314676873
12.613677373757286
12.6301014328377
12.646525491918112
12.662949550998526
12.679373610078938
12.69579766915935
12.712221728239765
12.728645787320177
12.745069846400591
12.761493905481004
12.777917964561418
12.79434202364183
12.810766082722244
12.827190141802657
12.843614200883069
12.860038259963483
12.876462319043895
12.89288637812431
12.909310437204722
12.925734496285136
12.942158555365548
12.958582614445962
12.975006673526375
12.991430732606789
13.007854791687201
13.024278850767613
13.040702909848028
13.05712696892844
13.073551028008854
13.089975087089266
13.10639914616968
13.122823205250093
13.139247264330507
13.15567132341092
13.172095382491332
13.188519441571746
13.204943500652158
13.221367559732572
13.237791618812984
13.254215677893399
13.270639736973811
13.287063796054225
13.303487855134637
13.319911914215051
13.336335973295464
13.352760032375876
13.36918409145629
13.385608150536703
13.402032209617117
13.418456268697529
13.434880327777943
13.451304386858355
13.46772844593877
13.484152505019182
13.500576564099594
13.517000623180008
13.53342468226042
13.549848741340835
13.566272800421247
13.582696859501661
13.599120918582074
13.615544977662488
13.6319690367429
13.648393095823312
13.664817154903727
13.681241213984139
13.697665273064553
13.714089332144965
13.73051339122538
13.746937450305792
13.763361509386206
13.779785568466618
13.796209627547032
13.812633686627445
13.829057745707857
13.845481804788271
13.861905863868683
13.878329922949098
13.89475398202951
13.911178041109924
13.927602100190336
13.94402615927075
13.960450218351163
13.976874277431575
13.99329833651199
14.009722395592402
14.026146454672816
14.042570513753228
14.058994572833642
14.075418631914054
14.091842690994469
14.10826675007488
14.124690809155295
14.141114868235707
14.15753892731612
14.173962986396534
14.190387045476946
14.20681110455736
14.223235163637773
14.239659222718187
14.256083281798599
14.272507340879013
14.288931399959425
14.305355459039838
14.321779518120252
14.338203577200664
14.354627636281078
14.37105169536149
14.387475754441905
14.403899813522317
14.420323872602731
14.436747931683144
14.453171990763558
14.46959604984397
14.486020108924382
14.502444168004796
14.518868227085209
14.535292286165623
14.551716345246035
14.56814040432645
14.584564463406862
14.600988522487276
14.617412581567688
14.6338366406481
14.650260699728515
14.666684758808927
14.683108817889341
14.699532876969753
14.715956936050167
14.73238099513058
14.748805054210994
14.765229113291406
14.78165317237182
14.798077231452233
14.814501290532645
14.830925349613059
14.847349408693471
14.863773467773886
14.880197526854298
14.896621585934712
14.913045645015124
14.929469704095538
14.94589376317595
14.962317822256363
14.978741881336777
14.99516594041719
15.011589999497604
15.028014058578016
15.04443811765843
15.060862176738842
15.077286235819257
15.093710294899669
15.110134353980081
15.126558413060495
15.142982472140908
15.159406531221322
15.175830590301734
15.192254649382148
15.20867870846256
15.225102767542975
15.241526826623387
15.257950885703801
15.274374944784213
15.290799003864626
15.30722306294504
15.323647122025452
15.340071181105866
15.356495240186279
15.372919299266693
15.389343358347105
15.40576741742752
15.422191476507932
15.438615535588344
15.455039594668758
15.47146365374917
15.487887712829584
15.504311771909997
15.52073583099041
15.537159890070823
15.553583949151237
15.57000800823165
15.586432067312064
15.602856126392476
15.619280185472888
15.635704244553303
15.652128303633715
15.668552362714129
15.684976421794541
15.701400480874955
15.717824539955368
15.734248599035782
15.750672658116194
15.767096717196607
15.78352077627702
15.799944835357433
15.816368894437847
15.83279295351826
15.849217012598674
15.865641071679086
15.8820651307595
15.898489189839912
15.914913248920326
15.931337308000739
15.947761367081151
15.964185426161565
15.980609485241978
15.997033544322392
16.013457603402806
16.029881662483216
16.04630572156363
16.062729780644045
16.07915383972446
16.09557789880487
16.112001957885283
16.128426016965697
16.144850076046108
16.161274135126522
16.177698194206936
16.19412225328735
16.21054631236776
16.226970371448175
16.24339443052859
16.259818489609
16.276242548689414
16.292666607769828
16.309090666850242
16.325514725930653
16.341938785011067
16.35836284409148
16.374786903171895
16.391210962252305
16.40763502133272
