  -7.3059924e-01   1.1948886e+00
  -7.0084314e-01   1.1651325e+00
  -6.7108705e-01   1.1353764e+00
  -6.4133095e-01   1.1056203e+00
  -6.1157485e-01   1.0758642e+00
  -5.8181875e-01   1.0461081e+00
  -5.5206266e-01   1.0163520e+00
  -5.2230656e-01   9.8659588e-01
  -4.9255046e-01   9.5683978e-01
  -4.6279436e-01   9.2708369e-01
  -4.3303827e-01   8.9732759e-01
  -4.0328217e-01   8.6757149e-01
  -3.7352607e-01   8.3781539e-01
  -3.4376997e-01   8.0805930e-01
  -3.1401388e-01   7.7830320e-01
  -2.8425778e-01   7.4854710e-01
  -2.5450168e-01   7.1879100e-01
  -2.2474558e-01   6.8903490e-01
  -1.9498949e-01   6.5927881e-01
  -1.6523339e-01   6.2952271e-01
  -1.3547729e-01   5.9976661e-01
  -1.0572119e-01   5.7001051e-01
  -7.5965095e-02   5.4025442e-01
  -4.6208998e-02   5.1049832e-01
  -1.6452900e-02   4.8074222e-01
   1.3303198e-02   4.5098612e-01
   4.3059295e-02   4.2123003e-01
   7.2815393e-02   3.9147393e-01
   1.0257149e-01   3.6171783e-01
   1.3232759e-01   3.3196173e-01
   1.6208369e-01   3.0220564e-01
   1.9183978e-01   2.7244954e-01
   2.2159588e-01   2.4269344e-01
   2.5135198e-01   2.1293734e-01
   2.8110808e-01   1.8318125e-01
   3.1086417e-01   1.5342515e-01
   3.4062027e-01   1.2366905e-01
   3.7037637e-01   9.3912954e-02
   4.0013247e-01   6.4156856e-02
   4.2988856e-01   3.4400759e-02
   4.5964466e-01   4.6446609e-03
   4.6674318e-01  -1.2498737e-03
   4.7480395e-01  -5.7396934e-03
   4.8355247e-01  -8.6719027e-03
   4.9269083e-01  -9.9466487e-03
   5.0190782e-01  -9.5205215e-03
   5.1088957e-01  -7.4080324e-03
   5.1933022e-01  -3.6811195e-03
   5.2694234e-01   1.5333015e-03
   5.3346670e-01   8.0576597e-03
   5.3868112e-01   1.5669776e-02
   5.4240803e-01   2.4110429e-02
   5.4452052e-01   3.3092182e-02
   5.4494665e-01   4.2309173e-02
   5.4367190e-01   5.1447527e-02
   5.4073969e-01   6.0196050e-02
   5.3624987e-01   6.8256821e-02
   5.3035534e-01   7.5355339e-02
   4.9725246e-01   1.0845822e-01
   4.6414957e-01   1.4156111e-01
   4.3104669e-01   1.7466399e-01
   3.9794381e-01   2.0776687e-01
   3.6484092e-01   2.4086976e-01
   3.3173804e-01   2.7397264e-01
   2.9863516e-01   3.0707552e-01
   2.6553227e-01   3.4017841e-01
   2.3242939e-01   3.7328129e-01
   1.9932651e-01   4.0638417e-01
   1.6622362e-01   4.3948705e-01
   1.3312074e-01   4.7258994e-01
   1.0001786e-01   5.0569282e-01
   6.2058060e-02   5.4969877e-01
   3.0966136e-02   5.9879829e-01
   7.4151295e-03   6.5192851e-01
  -8.0851505e-03   7.0793932e-01
  -1.5199170e-02   7.6561827e-01
  -1.3772932e-02   8.2371677e-01
  -3.8373098e-03   8.8097717e-01
   1.4392620e-02   9.3615996e-01
   4.0522234e-02   9.8807058e-01
   7.3985906e-02   1.0355853e+00
   1.1405925e-01   1.0776757e+00
   1.5987479e-01   1.1134305e+00
   2.1044077e-01   1.1420758e+00
   2.6466259e-01   1.1629914e+00
   3.2136650e-01   1.1757247e+00
   3.7932504e-01   1.1800000e+00
   4.2146003e-01   1.1800000e+00
   4.6359502e-01   1.1800000e+00
   5.0573001e-01   1.1800000e+00
   5.4786501e-01   1.1800000e+00
   5.9000000e-01   1.1800000e+00
   6.3615103e-01   1.1785496e+00
   6.8211993e-01   1.1742043e+00
   7.2772527e-01   1.1669811e+00
   7.7278707e-01   1.1569086e+00
   8.1712749e-01   1.1440265e+00
   8.6057155e-01   1.1283857e+00
   9.0294778e-01   1.1100479e+00
   9.4408895e-01   1.0890854e+00
   9.8383269e-01   1.0655810e+00
   1.0220222e+00   1.0396275e+00
   1.0585066e+00   1.0113272e+00
   1.0931421e+00   9.8079194e-01
   1.1257919e+00   9.4814212e-01
   1.1563272e+00   9.1350663e-01
   1.1846275e+00   8.7702216e-01
   1.2105810e+00   8.3883269e-01
   1.2340854e+00   7.9908895e-01
   1.2550479e+00   7.5794778e-01
   1.2733857e+00   7.1557155e-01
   1.2890265e+00   6.7212749e-01
   1.3019086e+00   6.2778707e-01
   1.3119811e+00   5.8272527e-01
   1.3192043e+00   5.3711993e-01
   1.3235496e+00   4.9115103e-01
   1.3250000e+00   4.4500000e-01
   1.3250000e+00   4.0833333e-01
   1.3250000e+00   3.7166667e-01
   1.3250000e+00   3.3500000e-01
   1.3250000e+00   2.9833333e-01
   1.3250000e+00   2.6166667e-01
   1.3250000e+00   2.2500000e-01
   1.3250000e+00   1.8833333e-01
   1.3250000e+00   1.5166667e-01
   1.3250000e+00   1.1500000e-01
   1.3250000e+00   7.8333333e-02
   1.3250000e+00   4.1666667e-02
   1.3250000e+00   5.0000000e-03
   1.3239655e+00  -3.8020031e-02
   1.3208643e+00  -8.0940608e-02
   1.3116133e+00  -1.2306831e-01
   1.3003812e+00  -1.6450673e-01
   1.2872130e+00  -2.0516325e-01
   1.2721578e+00  -2.4494800e-01
   1.2552687e+00  -2.8377399e-01
   1.2366030e+00  -3.2155735e-01
   1.2162217e+00  -3.5821746e-01
   1.1941895e+00  -3.9367717e-01
   1.1705745e+00  -4.2786293e-01
   1.1454479e+00  -4.6070496e-01
   1.1188841e+00  -4.9213736e-01
   1.0909603e+00  -5.2209828e-01
   1.0617563e+00  -5.5053000e-01
   1.0313542e+00  -5.7737905e-01
   9.9983830e-01  -6.0259634e-01
   9.6729491e-01  -6.2613717e-01
   9.3381197e-01  -6.4796138e-01
   8.9947893e-01  -6.6803335e-01
   8.6438646e-01  -6.8632208e-01
   8.2862622e-01  -7.0280123e-01
   7.9229068e-01  -7.1744910e-01
   7.5547279e-01  -7.3024871e-01
   7.1826583e-01  -7.4118774e-01
   6.8076312e-01  -7.5025856e-01
   6.4305781e-01  -7.5745818e-01
   6.0524265e-01  -7.6278823e-01
   5.6740976e-01  -7.6625490e-01
   5.2965041e-01  -7.6786890e-01
   4.9205478e-01  -7.6764538e-01
   4.5471177e-01  -7.6560387e-01
   4.1770878e-01  -7.6176816e-01
   3.8113151e-01  -7.5616622e-01
   3.4506375e-01  -7.4883008e-01
   3.0958720e-01  -7.3979575e-01
   2.7478128e-01  -7.2910303e-01
   2.4072295e-01  -7.1679543e-01
   2.0748655e-01  -7.0291998e-01
   1.7514361e-01  -6.8752713e-01
   1.4376276e-01  -6.7067054e-01
   1.1340950e-01  -6.5240695e-01
   8.4146129e-02  -6.3279598e-01
   5.6031601e-02  -6.1189999e-01
   2.9121401e-02  -5.8978384e-01
   3.4674437e-03  -5.6651477e-01
  -2.0882019e-02  -5.4216214e-01
  -4.6661331e-02  -5.1985710e-01
  -7.1338708e-02  -4.9633871e-01
  -9.4632937e-02  -4.7345364e-01
  -1.1751800e-01  -4.5056858e-01
  -1.4040307e-01  -4.2768351e-01
  -1.6328814e-01  -4.0479844e-01
  -1.8617320e-01  -3.8191338e-01
  -2.0905827e-01  -3.5902831e-01
  -2.3194333e-01  -3.3614324e-01
  -2.5482840e-01  -3.1325818e-01
  -2.7771347e-01  -2.9037311e-01
  -3.0059853e-01  -2.6748804e-01
  -3.2348360e-01  -2.4460298e-01
  -3.4636867e-01  -2.2171791e-01
  -3.6925373e-01  -1.9883285e-01
  -3.9213880e-01  -1.7594778e-01
  -4.1502387e-01  -1.5306271e-01
  -4.3790893e-01  -1.3017765e-01
  -4.6079400e-01  -1.0729258e-01
  -4.8367906e-01  -8.4407514e-02
  -5.0656413e-01  -6.1522448e-02
  -5.2944920e-01  -3.8637382e-02
  -5.5233426e-01  -1.5752316e-02
  -5.7521933e-01   7.1327508e-03
  -5.9810440e-01   3.0017817e-02
  -6.2098946e-01   5.2902883e-02
  -6.4387453e-01   7.5787950e-02
  -6.6675959e-01   9.8673016e-02
  -6.8964466e-01   1.2155808e-01
  -6.9659676e-01   1.2735194e-01
  -7.0447936e-01   1.3179774e-01
  -7.1303422e-01   1.3474983e-01
  -7.2198108e-01   1.3611152e-01
  -7.3102683e-01   1.3583819e-01
  -7.3987515e-01   1.3393879e-01
  -7.4823616e-01   1.3047554e-01
  -7.5583594e-01   1.2556192e-01
  -7.6242554e-01   1.1935888e-01
  -7.6778906e-01   1.1206963e-01
  -7.7175081e-01   1.0393299e-01
  -7.7418100e-01   9.5215495e-02
  -7.7500000e-01   8.6202743e-02
  -7.7500000e-01   4.9661405e-02
  -7.7500000e-01   1.3120068e-02
  -7.7500000e-01  -2.3421270e-02
  -7.7500000e-01  -5.9962608e-02
  -7.7500000e-01  -9.6503946e-02
  -7.7500000e-01  -1.3304528e-01
  -7.7500000e-01  -1.6958662e-01
  -7.7500000e-01  -2.0612796e-01
  -7.7500000e-01  -2.4266930e-01
  -7.7500000e-01  -2.7921064e-01
  -7.7500000e-01  -3.1575197e-01
  -7.7500000e-01  -3.5229331e-01
  -7.7500000e-01  -3.8883465e-01
  -7.7500000e-01  -4.2537599e-01
  -7.7500000e-01  -4.6191732e-01
  -7.7500000e-01  -4.9845866e-01
  -7.7500000e-01  -5.3500000e-01
  -7.7384506e-01  -5.5262104e-01
  -7.7039999e-01  -5.6994057e-01
  -7.6472374e-01  -5.8666226e-01
  -7.5691343e-01  -6.0250000e-01
  -7.4710270e-01  -6.1718279e-01
  -7.3545942e-01  -6.3045942e-01
  -7.2218279e-01  -6.4210270e-01
  -7.0750000e-01  -6.5191343e-01
  -6.9166226e-01  -6.5972374e-01
  -6.7494057e-01  -6.6539999e-01
  -6.5762104e-01  -6.6884506e-01
  -6.4000000e-01  -6.7000000e-01
  -6.0750000e-01  -6.7000000e-01
  -5.7500000e-01  -6.7000000e-01
  -5.1068767e-01  -6.7595942e-01
  -4.4856542e-01  -6.9363472e-01
  -3.9074874e-01  -7.2242400e-01
  -3.3920652e-01  -7.6134688e-01
  -2.9569397e-01  -8.0907788e-01
  -2.6169285e-01  -8.6399158e-01
  -2.3836102e-01  -9.2421795e-01
  -2.2649304e-01  -9.8770607e-01
  -2.2649304e-01  -1.0522939e+00
  -2.3836102e-01  -1.1157820e+00
  -2.6169285e-01  -1.1760084e+00
  -2.9569397e-01  -1.2309221e+00
  -3.3920652e-01  -1.2786531e+00
  -3.9074874e-01  -1.3175760e+00
  -4.4856542e-01  -1.3463653e+00
  -5.1068767e-01  -1.3640406e+00
  -5.7500000e-01  -1.3700000e+00
  -6.1250000e-01  -1.3700000e+00
  -6.5000000e-01  -1.3700000e+00
  -6.8750000e-01  -1.3700000e+00
  -7.2500000e-01  -1.3700000e+00
  -7.3418748e-01  -1.3708513e+00
  -7.4306208e-01  -1.3733764e+00
  -7.5132161e-01  -1.3774891e+00
  -7.5868478e-01  -1.3830496e+00
  -7.6490086e-01  -1.3898683e+00
  -7.6975816e-01  -1.3977131e+00
  -7.7309128e-01  -1.4063169e+00
  -7.7478671e-01  -1.4153866e+00
  -7.7478671e-01  -1.4246134e+00
  -7.7309128e-01  -1.4336831e+00
  -7.6975816e-01  -1.4422869e+00
  -7.6490086e-01  -1.4501317e+00
  -7.5868478e-01  -1.4569504e+00
  -7.5132161e-01  -1.4625109e+00
  -7.4306208e-01  -1.4666236e+00
  -7.3418748e-01  -1.4691487e+00
  -7.2500000e-01  -1.4700000e+00
  -6.8826087e-01  -1.4700000e+00
  -6.5152174e-01  -1.4700000e+00
  -6.1478261e-01  -1.4700000e+00
  -5.7804348e-01  -1.4700000e+00
  -5.4130435e-01  -1.4700000e+00
  -5.0456522e-01  -1.4700000e+00
  -4.6782609e-01  -1.4700000e+00
  -4.3108696e-01  -1.4700000e+00
  -3.9434783e-01  -1.4700000e+00
  -3.5760870e-01  -1.4700000e+00
  -3.2086957e-01  -1.4700000e+00
  -2.8413043e-01  -1.4700000e+00
  -2.4739130e-01  -1.4700000e+00
  -2.1065217e-01  -1.4700000e+00
  -1.7391304e-01  -1.4700000e+00
  -1.3717391e-01  -1.4700000e+00
  -1.0043478e-01  -1.4700000e+00
  -6.3695652e-02  -1.4700000e+00
  -2.6956522e-02  -1.4700000e+00
   9.7826087e-03  -1.4700000e+00
   4.6521739e-02  -1.4700000e+00
   8.3260870e-02  -1.4700000e+00
   1.1909459e-01  -1.4700000e+00
   1.2609939e-01  -1.4693101e+00
   1.3283500e-01  -1.4672669e+00
   1.3904257e-01  -1.4639488e+00
   1.4448355e-01  -1.4594836e+00
   1.4894885e-01  -1.4540426e+00
   1.5226686e-01  -1.4478350e+00
   1.5431009e-01  -1.4410994e+00
   1.5500000e-01  -1.4340946e+00
   1.6143875e-01  -1.3697209e+00
   1.8050756e-01  -1.3068594e+00
   2.1147362e-01  -1.2489260e+00
   2.5314693e-01  -1.1981469e+00
   3.0392601e-01  -1.1564736e+00
   3.6185944e-01  -1.1255076e+00
   4.2472088e-01  -1.1064387e+00
   4.9009459e-01  -1.1000000e+00
   5.2600000e-01  -1.1000000e+00
   5.6200000e-01  -1.1000000e+00
   5.9800000e-01  -1.1000000e+00
   6.3400000e-01  -1.1000000e+00
   6.7000000e-01  -1.1000000e+00
   7.0600000e-01  -1.1000000e+00
   7.4200000e-01  -1.1000000e+00
   7.7800000e-01  -1.1000000e+00
   8.1400000e-01  -1.1000000e+00
   8.5000000e-01  -1.1000000e+00
   8.7878706e-01  -1.0993147e+00
   9.0750891e-01  -1.0972605e+00
   9.3610048e-01  -1.0938420e+00
   9.6449700e-01  -1.0890669e+00
   9.9263416e-01  -1.0829460e+00
   1.0204482e+00  -1.0754932e+00
   1.0478761e+00  -1.0667255e+00
   1.0748558e+00  -1.0566626e+00
   1.1013261e+00  -1.0453274e+00
   1.1272270e+00  -1.0327454e+00
   1.1525000e+00  -1.0189454e+00
   1.1770877e+00  -1.0039584e+00
   1.2009344e+00  -9.8781845e-01
   1.2239862e+00  -9.7056212e-01
   1.2461907e+00  -9.5222849e-01
   1.2674978e+00  -9.3285909e-01
   1.2878591e+00  -9.1249780e-01
   1.3072285e+00  -8.9119074e-01
   1.3255621e+00  -8.6898619e-01
   1.3428185e+00  -8.4593443e-01
   1.3589584e+00  -8.2208769e-01
   1.3739454e+00  -7.9750000e-01
   1.3877454e+00  -7.7222705e-01
   1.4003274e+00  -7.4632608e-01
   1.4116626e+00  -7.1985579e-01
   1.4217255e+00  -6.9287612e-01
   1.4304932e+00  -6.6544820e-01
   1.4379460e+00  -6.3763416e-01
   1.4440669e+00  -6.0949700e-01
   1.4488420e+00  -5.8110048e-01
   1.4522605e+00  -5.5250891e-01
   1.4543147e+00  -5.2378706e-01
   1.4550000e+00  -4.9500000e-01
   1.4550000e+00  -4.5907407e-01
   1.4550000e+00  -4.2314815e-01
   1.4550000e+00  -3.8722222e-01
   1.4550000e+00  -3.5129630e-01
   1.4550000e+00  -3.1537037e-01
   1.4550000e+00  -2.7944444e-01
   1.4550000e+00  -2.4351852e-01
   1.4550000e+00  -2.0759259e-01
   1.4550000e+00  -1.7166667e-01
   1.4550000e+00  -1.3574074e-01
   1.4550000e+00  -9.9814815e-02
   1.4550000e+00  -6.3888889e-02
   1.4550000e+00  -2.7962963e-02
   1.4550000e+00   7.9629630e-03
   1.4550000e+00   4.3888889e-02
   1.4550000e+00   7.9814815e-02
   1.4550000e+00   1.1574074e-01
   1.4550000e+00   1.5166667e-01
   1.4550000e+00   1.8759259e-01
   1.4550000e+00   2.2351852e-01
   1.4550000e+00   2.5944444e-01
   1.4550000e+00   2.9537037e-01
   1.4550000e+00   3.3129630e-01
   1.4550000e+00   3.6722222e-01
   1.4550000e+00   4.0314815e-01
   1.4550000e+00   4.3907407e-01
   1.4550000e+00   4.7500000e-01
   1.4544429e+00   5.0549589e-01
   1.4527725e+00   5.3595109e-01
   1.4499908e+00   5.6632496e-01
   1.4461017e+00   5.9657698e-01
   1.4411103e+00   6.2666677e-01
   1.4350234e+00   6.5655420e-01
   1.4278489e+00   6.8619937e-01
   1.4195965e+00   7.1556275e-01
   1.4102772e+00   7.4460514e-01
   1.3999035e+00   7.7328779e-01
   1.3884891e+00   8.0157244e-01
   1.3760493e+00   8.2942134e-01
   1.3626007e+00   8.5679734e-01
   1.3481613e+00   8.8366390e-01
   1.3327502e+00   9.0998518e-01
   1.3163882e+00   9.3572606e-01
   1.2990969e+00   9.6085219e-01
   1.2808996e+00   9.8533005e-01
   1.2618204e+00   1.0091270e+00
   1.2418848e+00   1.0322112e+00
   1.2211194e+00   1.0545520e+00
   1.1995520e+00   1.0761194e+00
   1.1772112e+00   1.0968848e+00
   1.1541270e+00   1.1168204e+00
   1.1303301e+00   1.1358996e+00
   1.1058522e+00   1.1540969e+00
   1.0807261e+00   1.1713882e+00
   1.0549852e+00   1.1877502e+00
   1.0286639e+00   1.2031613e+00
   1.0017973e+00   1.2176007e+00
   9.7442134e-01   1.2310493e+00
   9.4657244e-01   1.2434891e+00
   9.1828779e-01   1.2549035e+00
   8.8960514e-01   1.2652772e+00
   8.6056275e-01   1.2745965e+00
   8.3119937e-01   1.2828489e+00
   8.0155420e-01   1.2900234e+00
   7.7166677e-01   1.2961103e+00
   7.4157698e-01   1.3011017e+00
   7.1132496e-01   1.3049908e+00
   6.8095109e-01   1.3077725e+00
   6.5049589e-01   1.3094429e+00
   6.2000000e-01   1.3100000e+00
   5.8364865e-01   1.3100000e+00
   5.4729730e-01   1.3100000e+00
   5.1094595e-01   1.3100000e+00
   4.7459459e-01   1.3100000e+00
   4.3824324e-01   1.3100000e+00
   4.0189189e-01   1.3100000e+00
   3.6554054e-01   1.3100000e+00
   3.2918919e-01   1.3100000e+00
   2.9283784e-01   1.3100000e+00
   2.5648649e-01   1.3100000e+00
   2.2013514e-01   1.3100000e+00
   1.8378378e-01   1.3100000e+00
   1.4743243e-01   1.3100000e+00
   1.1108108e-01   1.3100000e+00
   7.4729730e-02   1.3100000e+00
   3.8378378e-02   1.3100000e+00
   2.0270270e-03   1.3100000e+00
  -3.4324324e-02   1.3100000e+00
  -7.0675676e-02   1.3100000e+00
  -1.0702703e-01   1.3100000e+00
  -1.4337838e-01   1.3100000e+00
  -1.7972973e-01   1.3100000e+00
  -2.1608108e-01   1.3100000e+00
  -2.5243243e-01   1.3100000e+00
  -2.8878378e-01   1.3100000e+00
  -3.2513514e-01   1.3100000e+00
  -3.6148649e-01   1.3100000e+00
  -3.9783784e-01   1.3100000e+00
  -4.3418919e-01   1.3100000e+00
  -4.7054054e-01   1.3100000e+00
  -5.0689189e-01   1.3100000e+00
  -5.4324324e-01   1.3100000e+00
  -5.7959459e-01   1.3100000e+00
  -6.1594595e-01   1.3100000e+00
  -6.5229730e-01   1.3100000e+00
  -6.8864865e-01   1.3100000e+00
  -7.2500000e-01   1.3100000e+00
  -7.3401275e-01   1.3091810e+00
  -7.4273024e-01   1.3067508e+00
  -7.5086689e-01   1.3027891e+00
  -7.5815613e-01   1.2974255e+00
  -7.6435917e-01   1.2908359e+00
  -7.6927280e-01   1.2832362e+00
  -7.7273604e-01   1.2748752e+00
  -7.7463544e-01   1.2660268e+00
  -7.7490878e-01   1.2569811e+00
  -7.7354709e-01   1.2480342e+00
  -7.7059499e-01   1.2394794e+00
  -7.6614919e-01   1.2315968e+00
  -7.6035534e-01   1.2246447e+00
